MOGP_NSGAII,a8c41b8e-f0a6-11f0-91b9-6e001b3eef54,Toxicity,74,0,2592.918457|3.000000|0.000000|0.000000|0.000000,1.5045301914215088,3.0,2655.536377|3.000000|0.000000|0.000000|0.000000,N/A,N/A,0,161016578048.000000,N/A,5
MOGP_NSGAII,a8c41b8e-f0a6-11f0-91b9-6e001b3eef54,Toxicity,74,1,2592.294434|3.000000|0.000000|0.000000|0.000000,5.524299144744873,3.0,2654.879150|3.000000|0.000000|0.000000|0.000000,2167.315186|13.000000|6.000000|1.000000|0.000000,2335.898682|13.000000|6.000000|1.000000|0.000000,13,19446204.000000,N/A,5
MOGP_NSGAII,a8c41b8e-f0a6-11f0-91b9-6e001b3eef54,Toxicity,74,2,2590.424072|3.000000|0.000000|0.000000|0.000000,5.286010980606079,3.0,2652.909180|3.000000|0.000000|0.000000|0.000000,2031.634766|17.000000|6.000000|2.000000|0.000000,2056.803711|17.000000|6.000000|2.000000|0.000000,17,19446196.000000,N/A,5
MOGP_NSGAII,a8c41b8e-f0a6-11f0-91b9-6e001b3eef54,Toxicity,74,3,2587.933350|3.000000|0.000000|0.000000|0.000000,5.334648132324219,3.0,2650.285889|3.000000|0.000000|0.000000|0.000000,2031.634766|17.000000|5.000000|2.000000|0.000000,2056.803711|17.000000|5.000000|2.000000|0.000000,17,19446156.000000,N/A,5
MOGP_NSGAII,a8c41b8e-f0a6-11f0-91b9-6e001b3eef54,Toxicity,74,4,2558.343506|3.000000|0.000000|0.000000|0.000000,5.0527918338775635,3.0,2619.075195|3.000000|0.000000|0.000000|0.000000,2031.634766|17.000000|5.000000|2.000000|0.000000,2056.803711|17.000000|5.000000|2.000000|0.000000,17,157.836060,N/A,5
MOGP_NSGAII,a8c41b8e-f0a6-11f0-91b9-6e001b3eef54,Toxicity,74,5,2558.343506|3.000000|0.000000|0.000000|0.000000,5.2043938636779785,3.0,2619.075195|3.000000|0.000000|0.000000|0.000000,2031.523560|15.000000|5.000000|1.000000|0.000000,2056.809814|15.000000|5.000000|1.000000|0.000000,15,188.053543,N/A,5
MOGP_NSGAII,a8c41b8e-f0a6-11f0-91b9-6e001b3eef54,Toxicity,74,6,2552.857666|3.000000|0.000000|0.000000|0.000000,5.3696417808532715,3.0,2613.279785|3.000000|0.000000|0.000000|0.000000,2031.507812|15.000000|5.000000|1.000000|0.000000,2056.810791|15.000000|5.000000|1.000000|0.000000,15,206.723465,N/A,5
MOGP_NSGAII,a8c41b8e-f0a6-11f0-91b9-6e001b3eef54,Toxicity,74,7,2552.857666|3.000000|0.000000|0.000000|0.000000,4.793362855911255,3.0,2613.279785|3.000000|0.000000|0.000000|0.000000,2031.507812|15.000000|5.000000|1.000000|0.000000,2056.810791|15.000000|5.000000|1.000000|0.000000,15,215.084839,N/A,5
MOGP_NSGAII,a8c41b8e-f0a6-11f0-91b9-6e001b3eef54,Toxicity,74,8,2552.857666|3.000000|0.000000|0.000000|0.000000,4.803282022476196,3.0,2613.279785|3.000000|0.000000|0.000000|0.000000,2029.987671|15.000000|6.000000|1.000000|0.000000,2055.719482|15.000000|6.000000|1.000000|0.000000,15,222.664688,N/A,5
MOGP_NSGAII,a8c41b8e-f0a6-11f0-91b9-6e001b3eef54,Toxicity,74,9,2552.857666|3.000000|0.000000|0.000000|0.000000,5.133447885513306,3.0,2613.279785|3.000000|0.000000|0.000000|0.000000,2029.987671|15.000000|6.000000|1.000000|0.000000,2055.719482|15.000000|6.000000|1.000000|0.000000,15,224.358932,N/A,5
MOGP_NSGAII,a8c41b8e-f0a6-11f0-91b9-6e001b3eef54,Toxicity,74,10,2552.857666|3.000000|0.000000|0.000000|0.000000,5.693348169326782,3.0,2613.279785|3.000000|0.000000|0.000000|0.000000,2029.987671|15.000000|6.000000|1.000000|0.000000,2055.719482|15.000000|6.000000|1.000000|0.000000,15,186.740036,N/A,5
MOGP_NSGAII,a8c41b8e-f0a6-11f0-91b9-6e001b3eef54,Toxicity,74,11,2552.857666|3.000000|0.000000|0.000000|0.000000,7.523912191390991,3.0,2613.279785|3.000000|0.000000|0.000000|0.000000,2029.987671|15.000000|6.000000|1.000000|0.000000,2055.719482|15.000000|6.000000|1.000000|0.000000,15,140.110352,N/A,5
MOGP_NSGAII,a8c41b8e-f0a6-11f0-91b9-6e001b3eef54,Toxicity,74,12,2552.857666|3.000000|0.000000|0.000000|0.000000,10.801768064498901,3.0,2613.279785|3.000000|0.000000|0.000000|0.000000,2029.275269|15.000000|7.000000|2.000000|0.000000,2055.897949|15.000000|7.000000|2.000000|0.000000,15,104.484497,N/A,5
MOGP_NSGAII,a8c41b8e-f0a6-11f0-91b9-6e001b3eef54,Toxicity,74,13,2552.857666|3.000000|0.000000|0.000000|0.000000,14.694371700286865,3.0,2613.279785|3.000000|0.000000|0.000000|0.000000,2029.275269|15.000000|7.000000|2.000000|0.000000,2055.897949|15.000000|7.000000|2.000000|0.000000,15,115.013550,N/A,5
MOGP_NSGAII,a8c41b8e-f0a6-11f0-91b9-6e001b3eef54,Toxicity,74,14,2552.857666|3.000000|0.000000|0.000000|0.000000,15.441834926605225,3.0,2613.279785|3.000000|0.000000|0.000000|0.000000,2029.275269|15.000000|7.000000|2.000000|0.000000,2055.897949|15.000000|7.000000|2.000000|0.000000,15,112.359489,N/A,5
MOGP_NSGAII,a8c41b8e-f0a6-11f0-91b9-6e001b3eef54,Toxicity,74,15,2552.857666|3.000000|0.000000|0.000000|0.000000,14.850439071655273,3.0,2613.279785|3.000000|0.000000|0.000000|0.000000,2029.261719|15.000000|6.000000|2.000000|0.000000,2055.229248|15.000000|6.000000|2.000000|0.000000,15,122.142044,N/A,5
MOGP_NSGAII,a8c41b8e-f0a6-11f0-91b9-6e001b3eef54,Toxicity,74,16,2552.857666|3.000000|0.000000|0.000000|0.000000,14.550434827804565,3.0,2613.279785|3.000000|0.000000|0.000000|0.000000,2029.261719|15.000000|6.000000|2.000000|0.000000,2055.229248|15.000000|6.000000|2.000000|0.000000,15,122.072556,N/A,5
MOGP_NSGAII,a8c41b8e-f0a6-11f0-91b9-6e001b3eef54,Toxicity,74,17,2552.857666|3.000000|0.000000|0.000000|0.000000,14.827869892120361,3.0,2613.279785|3.000000|0.000000|0.000000|0.000000,2029.261719|15.000000|6.000000|2.000000|0.000000,2055.229248|15.000000|6.000000|2.000000|0.000000,15,124.625374,N/A,5
MOGP_NSGAII,a8c41b8e-f0a6-11f0-91b9-6e001b3eef54,Toxicity,74,18,2552.857666|3.000000|0.000000|0.000000|0.000000,13.788020849227905,3.0,2613.279785|3.000000|0.000000|0.000000|0.000000,2029.261719|15.000000|6.000000|2.000000|0.000000,2055.229248|15.000000|6.000000|2.000000|0.000000,15,124.625374,N/A,5
MOGP_NSGAII,a8c41b8e-f0a6-11f0-91b9-6e001b3eef54,Toxicity,74,19,2552.857666|3.000000|0.000000|0.000000|0.000000,14.156742811203003,3.0,2613.279785|3.000000|0.000000|0.000000|0.000000,2029.261719|15.000000|6.000000|2.000000|0.000000,2055.229248|15.000000|6.000000|2.000000|0.000000,15,124.625374,N/A,5
MOGP_NSGAII,a8c41b8e-f0a6-11f0-91b9-6e001b3eef54,Toxicity,74,20,2552.857666|3.000000|0.000000|0.000000|0.000000,14.232835054397583,3.0,2613.279785|3.000000|0.000000|0.000000|0.000000,2029.261719|15.000000|6.000000|2.000000|0.000000,2055.229248|15.000000|6.000000|2.000000|0.000000,15,126.979828,N/A,5
MOGP_NSGAII,a8c41b8e-f0a6-11f0-91b9-6e001b3eef54,Toxicity,74,21,2552.857666|3.000000|0.000000|0.000000|0.000000,14.756057977676392,3.0,2613.279785|3.000000|0.000000|0.000000|0.000000,2029.261719|15.000000|6.000000|2.000000|0.000000,2055.229248|15.000000|6.000000|2.000000|0.000000,15,126.979828,N/A,5
MOGP_NSGAII,a8c41b8e-f0a6-11f0-91b9-6e001b3eef54,Toxicity,74,22,2552.857666|3.000000|0.000000|0.000000|0.000000,14.133908987045288,3.0,2613.279785|3.000000|0.000000|0.000000|0.000000,2029.261719|15.000000|6.000000|2.000000|0.000000,2055.229248|15.000000|6.000000|2.000000|0.000000,15,126.368332,N/A,5
MOGP_NSGAII,a8c41b8e-f0a6-11f0-91b9-6e001b3eef54,Toxicity,74,23,2552.857666|3.000000|0.000000|0.000000|0.000000,14.314214944839478,3.0,2613.279785|3.000000|0.000000|0.000000|0.000000,2029.218506|17.000000|7.000000|2.000000|0.000000,2055.084473|17.000000|7.000000|2.000000|0.000000,17,124.316910,N/A,5
MOGP_NSGAII,a8c41b8e-f0a6-11f0-91b9-6e001b3eef54,Toxicity,74,24,2552.857666|3.000000|0.000000|0.000000|0.000000,14.79220199584961,3.0,2613.279785|3.000000|0.000000|0.000000|0.000000,2029.218506|17.000000|7.000000|2.000000|0.000000,2055.084473|17.000000|7.000000|2.000000|0.000000,17,124.316910,N/A,5
MOGP_NSGAII,a8c41b8e-f0a6-11f0-91b9-6e001b3eef54,Toxicity,74,25,2552.857666|3.000000|0.000000|0.000000|0.000000,14.87174391746521,3.0,2613.279785|3.000000|0.000000|0.000000|0.000000,2029.218506|17.000000|7.000000|2.000000|0.000000,2055.084473|17.000000|7.000000|2.000000|0.000000,17,124.316910,N/A,5
MOGP_NSGAII,a8c41b8e-f0a6-11f0-91b9-6e001b3eef54,Toxicity,74,26,2552.857666|3.000000|0.000000|0.000000|0.000000,13.520975112915039,3.0,2613.279785|3.000000|0.000000|0.000000|0.000000,2029.207642|17.000000|6.000000|2.000000|0.000000,2055.990234|17.000000|6.000000|2.000000|0.000000,17,128.892395,N/A,5
MOGP_NSGAII,a8c41b8e-f0a6-11f0-91b9-6e001b3eef54,Toxicity,74,27,2552.857666|3.000000|0.000000|0.000000|0.000000,13.696712970733643,3.0,2613.279785|3.000000|0.000000|0.000000|0.000000,2029.207642|17.000000|6.000000|2.000000|0.000000,2055.990234|17.000000|6.000000|2.000000|0.000000,17,128.892395,N/A,5
MOGP_NSGAII,a8c41b8e-f0a6-11f0-91b9-6e001b3eef54,Toxicity,74,28,2552.857666|3.000000|0.000000|0.000000|0.000000,14.37229061126709,3.0,2613.279785|3.000000|0.000000|0.000000|0.000000,2029.207642|17.000000|6.000000|2.000000|0.000000,2055.990234|17.000000|6.000000|2.000000|0.000000,17,128.892395,N/A,5
MOGP_NSGAII,a8c41b8e-f0a6-11f0-91b9-6e001b3eef54,Toxicity,74,29,2552.857666|3.000000|0.000000|0.000000|0.000000,14.517728090286255,3.0,2613.279785|3.000000|0.000000|0.000000|0.000000,2010.481934|13.000000|5.000000|2.000000|0.000000,2030.054565|13.000000|5.000000|2.000000|0.000000,13,119.433144,N/A,5
MOGP_NSGAII,a8c41b8e-f0a6-11f0-91b9-6e001b3eef54,Toxicity,74,30,2552.857666|3.000000|0.000000|0.000000|0.000000,14.784702062606812,3.0,2613.279785|3.000000|0.000000|0.000000|0.000000,2010.481934|13.000000|5.000000|2.000000|0.000000,2030.054565|13.000000|5.000000|2.000000|0.000000,13,119.433144,N/A,5
MOGP_NSGAII,a8c41b8e-f0a6-11f0-91b9-6e001b3eef54,Toxicity,74,31,2552.857666|3.000000|0.000000|0.000000|0.000000,15.135228872299194,3.0,2613.279785|3.000000|0.000000|0.000000|0.000000,2010.481934|13.000000|5.000000|2.000000|0.000000,2030.054565|13.000000|5.000000|2.000000|0.000000,13,119.433144,N/A,5
MOGP_NSGAII,a8c41b8e-f0a6-11f0-91b9-6e001b3eef54,Toxicity,74,32,2552.857666|3.000000|0.000000|0.000000|0.000000,14.806226015090942,3.0,2613.279785|3.000000|0.000000|0.000000|0.000000,2010.481934|13.000000|5.000000|2.000000|0.000000,2030.054565|13.000000|5.000000|2.000000|0.000000,13,117.006203,N/A,5
MOGP_NSGAII,a8c41b8e-f0a6-11f0-91b9-6e001b3eef54,Toxicity,74,33,2552.857666|3.000000|0.000000|0.000000|0.000000,15.76348614692688,3.0,2613.279785|3.000000|0.000000|0.000000|0.000000,2010.224731|11.000000|4.000000|2.000000|0.000000,2028.005615|11.000000|4.000000|2.000000|0.000000,11,117.009048,N/A,5
MOGP_NSGAII,a8c41b8e-f0a6-11f0-91b9-6e001b3eef54,Toxicity,74,34,2552.857666|3.000000|0.000000|0.000000|0.000000,15.227288961410522,3.0,2613.279785|3.000000|0.000000|0.000000|0.000000,2010.224731|11.000000|3.000000|2.000000|0.000000,2028.005615|11.000000|3.000000|2.000000|0.000000,11,117.009048,N/A,5
MOGP_NSGAII,a8c41b8e-f0a6-11f0-91b9-6e001b3eef54,Toxicity,74,35,2552.857666|3.000000|0.000000|0.000000|0.000000,15.795538902282715,3.0,2613.279785|3.000000|0.000000|0.000000|0.000000,2010.224731|11.000000|3.000000|2.000000|0.000000,2028.005615|11.000000|3.000000|2.000000|0.000000,11,117.009048,N/A,5
MOGP_NSGAII,a8c41b8e-f0a6-11f0-91b9-6e001b3eef54,Toxicity,74,36,2552.857666|3.000000|0.000000|0.000000|0.000000,14.631500005722046,3.0,2613.279785|3.000000|0.000000|0.000000|0.000000,2010.224731|11.000000|3.000000|2.000000|0.000000,2028.005615|11.000000|3.000000|2.000000|0.000000,11,117.009048,N/A,5
MOGP_NSGAII,a8c41b8e-f0a6-11f0-91b9-6e001b3eef54,Toxicity,74,37,2552.857666|3.000000|0.000000|0.000000|0.000000,15.06287693977356,3.0,2613.279785|3.000000|0.000000|0.000000|0.000000,2010.224731|11.000000|3.000000|2.000000|0.000000,2028.005615|11.000000|3.000000|2.000000|0.000000,11,119.905121,N/A,5
MOGP_NSGAII,a8c41b8e-f0a6-11f0-91b9-6e001b3eef54,Toxicity,74,38,2552.857666|3.000000|0.000000|0.000000|0.000000,14.516031980514526,3.0,2613.279785|3.000000|0.000000|0.000000|0.000000,2010.224731|11.000000|3.000000|2.000000|0.000000,2028.005615|11.000000|3.000000|2.000000|0.000000,11,119.905121,N/A,5
MOGP_NSGAII,a8c41b8e-f0a6-11f0-91b9-6e001b3eef54,Toxicity,74,39,2552.857666|3.000000|0.000000|0.000000|0.000000,14.982727766036987,3.0,2613.279785|3.000000|0.000000|0.000000|0.000000,2010.224731|11.000000|3.000000|2.000000|0.000000,2028.005615|11.000000|3.000000|2.000000|0.000000,11,120.020012,N/A,5
MOGP_NSGAII,a8c41b8e-f0a6-11f0-91b9-6e001b3eef54,Toxicity,74,40,2552.857666|3.000000|0.000000|0.000000|0.000000,14.608320951461792,3.0,2613.279785|3.000000|0.000000|0.000000|0.000000,2010.224731|11.000000|3.000000|2.000000|0.000000,2028.005615|11.000000|3.000000|2.000000|0.000000,11,120.020012,N/A,5
MOGP_NSGAII,a8c41b8e-f0a6-11f0-91b9-6e001b3eef54,Toxicity,74,41,2552.857666|3.000000|0.000000|0.000000|0.000000,14.424194097518921,3.0,2613.279785|3.000000|0.000000|0.000000|0.000000,2010.224731|11.000000|3.000000|2.000000|0.000000,2028.005615|11.000000|3.000000|2.000000|0.000000,11,120.138107,N/A,5
MOGP_NSGAII,a8c41b8e-f0a6-11f0-91b9-6e001b3eef54,Toxicity,74,42,2552.857666|3.000000|0.000000|0.000000|0.000000,14.481877088546753,3.0,2613.279785|3.000000|0.000000|0.000000|0.000000,2010.224731|11.000000|3.000000|2.000000|0.000000,2028.005615|11.000000|3.000000|2.000000|0.000000,11,120.138107,N/A,5
MOGP_NSGAII,a8c41b8e-f0a6-11f0-91b9-6e001b3eef54,Toxicity,74,43,2552.857666|3.000000|0.000000|0.000000|0.000000,14.595415115356445,3.0,2613.279785|3.000000|0.000000|0.000000|0.000000,2010.224731|11.000000|3.000000|2.000000|0.000000,2028.005615|11.000000|3.000000|2.000000|0.000000,11,120.141769,N/A,5
MOGP_NSGAII,a8c41b8e-f0a6-11f0-91b9-6e001b3eef54,Toxicity,74,44,2552.857666|3.000000|0.000000|0.000000|0.000000,14.75308108329773,3.0,2613.279785|3.000000|0.000000|0.000000|0.000000,2008.708252|15.000000|5.000000|2.000000|0.000000,2024.302856|15.000000|5.000000|2.000000|0.000000,15,122.834389,N/A,5
MOGP_NSGAII,a8c41b8e-f0a6-11f0-91b9-6e001b3eef54,Toxicity,74,45,2552.857666|3.000000|0.000000|0.000000|0.000000,14.661216020584106,3.0,2613.279785|3.000000|0.000000|0.000000|0.000000,2008.708252|15.000000|5.000000|2.000000|0.000000,2024.302856|15.000000|5.000000|2.000000|0.000000,15,122.867783,N/A,5
MOGP_NSGAII,a8c41b8e-f0a6-11f0-91b9-6e001b3eef54,Toxicity,74,46,2552.857666|3.000000|0.000000|0.000000|0.000000,14.436800956726074,3.0,2613.279785|3.000000|0.000000|0.000000|0.000000,2008.708252|15.000000|5.000000|2.000000|0.000000,2024.302856|15.000000|5.000000|2.000000|0.000000,15,122.867783,N/A,5
MOGP_NSGAII,a8c41b8e-f0a6-11f0-91b9-6e001b3eef54,Toxicity,74,47,2552.857666|3.000000|0.000000|0.000000|0.000000,14.821742057800293,3.0,2613.279785|3.000000|0.000000|0.000000|0.000000,2008.708252|15.000000|5.000000|2.000000|0.000000,2024.302856|15.000000|5.000000|2.000000|0.000000,15,118.167160,N/A,5
MOGP_NSGAII,a8c41b8e-f0a6-11f0-91b9-6e001b3eef54,Toxicity,74,48,2552.857666|3.000000|0.000000|0.000000|0.000000,14.80282998085022,3.0,2613.279785|3.000000|0.000000|0.000000|0.000000,2008.708252|15.000000|5.000000|2.000000|0.000000,2024.302856|15.000000|5.000000|2.000000|0.000000,15,115.908424,N/A,5
MOGP_NSGAII,a8c41b8e-f0a6-11f0-91b9-6e001b3eef54,Toxicity,74,49,2552.857666|3.000000|0.000000|0.000000|0.000000,15.460674047470093,3.0,2613.279785|3.000000|0.000000|0.000000|0.000000,2008.708252|15.000000|5.000000|2.000000|0.000000,2024.302856|15.000000|5.000000|2.000000|0.000000,15,123.615753,N/A,5
MOGP_NSGAII,a8c41b8e-f0a6-11f0-91b9-6e001b3eef54,Toxicity,74,50,2552.857666|3.000000|0.000000|0.000000|0.000000,14.313037872314453,3.0,2613.279785|3.000000|0.000000|0.000000|0.000000,2008.708252|15.000000|5.000000|2.000000|0.000000,2024.302856|15.000000|5.000000|2.000000|0.000000,15,123.615753,N/A,5
MOGP_NSGAII,a8c41b8e-f0a6-11f0-91b9-6e001b3eef54,Toxicity,74,51,2552.857666|3.000000|0.000000|0.000000|0.000000,14.88322901725769,3.0,2613.279785|3.000000|0.000000|0.000000|0.000000,2008.708252|15.000000|5.000000|2.000000|0.000000,2024.302856|15.000000|5.000000|2.000000|0.000000,15,123.615753,N/A,5
MOGP_NSGAII,a8c41b8e-f0a6-11f0-91b9-6e001b3eef54,Toxicity,74,52,2552.857666|3.000000|0.000000|0.000000|0.000000,14.767369985580444,3.0,2613.279785|3.000000|0.000000|0.000000|0.000000,2008.708252|15.000000|5.000000|2.000000|0.000000,2024.302856|15.000000|5.000000|2.000000|0.000000,15,123.615753,N/A,5
MOGP_NSGAII,a8c41b8e-f0a6-11f0-91b9-6e001b3eef54,Toxicity,74,53,2552.857666|3.000000|0.000000|0.000000|0.000000,14.2879478931427,3.0,2613.279785|3.000000|0.000000|0.000000|0.000000,2008.708252|15.000000|5.000000|2.000000|0.000000,2024.302856|15.000000|5.000000|2.000000|0.000000,15,123.615753,N/A,5
MOGP_NSGAII,a8c41b8e-f0a6-11f0-91b9-6e001b3eef54,Toxicity,74,54,2552.857666|3.000000|0.000000|0.000000|0.000000,14.856368064880371,3.0,2613.279785|3.000000|0.000000|0.000000|0.000000,2008.708252|15.000000|5.000000|2.000000|0.000000,2024.302856|15.000000|5.000000|2.000000|0.000000,15,123.615753,N/A,5
MOGP_NSGAII,a8c41b8e-f0a6-11f0-91b9-6e001b3eef54,Toxicity,74,55,2552.857666|3.000000|0.000000|0.000000|0.000000,14.793322086334229,3.0,2613.279785|3.000000|0.000000|0.000000|0.000000,2008.708252|15.000000|5.000000|2.000000|0.000000,2024.302856|15.000000|5.000000|2.000000|0.000000,15,126.042114,N/A,5
MOGP_NSGAII,a8c41b8e-f0a6-11f0-91b9-6e001b3eef54,Toxicity,74,56,2552.857666|3.000000|0.000000|0.000000|0.000000,14.136278629302979,3.0,2613.279785|3.000000|0.000000|0.000000|0.000000,2008.708252|15.000000|5.000000|2.000000|0.000000,2024.302856|15.000000|5.000000|2.000000|0.000000,15,125.447624,N/A,5
MOGP_NSGAII,a8c41b8e-f0a6-11f0-91b9-6e001b3eef54,Toxicity,74,57,2552.857666|3.000000|0.000000|0.000000|0.000000,13.707303285598755,3.0,2613.279785|3.000000|0.000000|0.000000|0.000000,2008.708252|15.000000|5.000000|2.000000|0.000000,2024.302856|15.000000|5.000000|2.000000|0.000000,15,125.414650,N/A,5
MOGP_NSGAII,a8c41b8e-f0a6-11f0-91b9-6e001b3eef54,Toxicity,74,58,2552.857666|3.000000|0.000000|0.000000|0.000000,15.27145504951477,3.0,2613.279785|3.000000|0.000000|0.000000|0.000000,2008.708252|15.000000|5.000000|2.000000|0.000000,2024.302856|15.000000|5.000000|2.000000|0.000000,15,81.585594,N/A,5
MOGP_NSGAII,a8c41b8e-f0a6-11f0-91b9-6e001b3eef54,Toxicity,74,59,2552.857666|3.000000|0.000000|0.000000|0.000000,16.75815510749817,3.0,2613.279785|3.000000|0.000000|0.000000|0.000000,2008.708252|15.000000|5.000000|2.000000|0.000000,2024.302856|15.000000|5.000000|2.000000|0.000000,15,85.499580,N/A,5
MOGP_NSGAII,a8c41b8e-f0a6-11f0-91b9-6e001b3eef54,Toxicity,74,60,2552.857666|3.000000|0.000000|0.000000|0.000000,16.22922706604004,3.0,2613.279785|3.000000|0.000000|0.000000|0.000000,2008.708252|15.000000|5.000000|2.000000|0.000000,2024.302856|15.000000|5.000000|2.000000|0.000000,15,85.499580,N/A,5
MOGP_NSGAII,a8c41b8e-f0a6-11f0-91b9-6e001b3eef54,Toxicity,74,61,2552.857666|3.000000|0.000000|0.000000|0.000000,16.351766109466553,3.0,2613.279785|3.000000|0.000000|0.000000|0.000000,2008.708252|15.000000|5.000000|2.000000|0.000000,2024.302856|15.000000|5.000000|2.000000|0.000000,15,85.499580,N/A,5
MOGP_NSGAII,a8c41b8e-f0a6-11f0-91b9-6e001b3eef54,Toxicity,74,62,2552.857666|3.000000|0.000000|0.000000|0.000000,17.608826875686646,3.0,2613.279785|3.000000|0.000000|0.000000|0.000000,2008.708252|15.000000|5.000000|2.000000|0.000000,2024.302856|15.000000|5.000000|2.000000|0.000000,15,85.499580,N/A,5
MOGP_NSGAII,a8c41b8e-f0a6-11f0-91b9-6e001b3eef54,Toxicity,74,63,2552.857666|3.000000|0.000000|0.000000|0.000000,16.648196697235107,3.0,2613.279785|3.000000|0.000000|0.000000|0.000000,2008.708252|15.000000|5.000000|2.000000|0.000000,2024.302856|15.000000|5.000000|2.000000|0.000000,15,85.499580,N/A,5
MOGP_NSGAII,a8c41b8e-f0a6-11f0-91b9-6e001b3eef54,Toxicity,74,64,2552.857666|3.000000|0.000000|0.000000|0.000000,16.27701210975647,3.0,2613.279785|3.000000|0.000000|0.000000|0.000000,2008.708252|15.000000|5.000000|2.000000|0.000000,2024.302856|15.000000|5.000000|2.000000|0.000000,15,85.499580,N/A,5
MOGP_NSGAII,a8c41b8e-f0a6-11f0-91b9-6e001b3eef54,Toxicity,74,65,2552.857666|3.000000|0.000000|0.000000|0.000000,15.357311964035034,3.0,2613.279785|3.000000|0.000000|0.000000|0.000000,2008.708252|15.000000|5.000000|2.000000|0.000000,2024.302856|15.000000|5.000000|2.000000|0.000000,15,85.499580,N/A,5
MOGP_NSGAII,a8c41b8e-f0a6-11f0-91b9-6e001b3eef54,Toxicity,74,66,2552.857666|3.000000|0.000000|0.000000|0.000000,16.430285930633545,3.0,2613.279785|3.000000|0.000000|0.000000|0.000000,2008.708252|15.000000|5.000000|2.000000|0.000000,2024.302856|15.000000|5.000000|2.000000|0.000000,15,85.499580,N/A,5
MOGP_NSGAII,a8c41b8e-f0a6-11f0-91b9-6e001b3eef54,Toxicity,74,67,2552.857666|3.000000|0.000000|0.000000|0.000000,16.241455078125,3.0,2613.279785|3.000000|0.000000|0.000000|0.000000,2008.708252|15.000000|5.000000|2.000000|0.000000,2024.302856|15.000000|5.000000|2.000000|0.000000,15,85.499580,N/A,5
MOGP_NSGAII,a8c41b8e-f0a6-11f0-91b9-6e001b3eef54,Toxicity,74,68,2552.857666|3.000000|0.000000|0.000000|0.000000,16.070778846740723,3.0,2613.279785|3.000000|0.000000|0.000000|0.000000,2008.708252|15.000000|5.000000|2.000000|0.000000,2024.302856|15.000000|5.000000|2.000000|0.000000,15,85.499580,N/A,5
MOGP_NSGAII,a8c41b8e-f0a6-11f0-91b9-6e001b3eef54,Toxicity,74,69,2552.857666|3.000000|0.000000|0.000000|0.000000,16.319772958755493,3.0,2613.279785|3.000000|0.000000|0.000000|0.000000,2008.708252|15.000000|5.000000|2.000000|0.000000,2024.302856|15.000000|5.000000|2.000000|0.000000,15,85.499580,N/A,5
MOGP_NSGAII,a8c41b8e-f0a6-11f0-91b9-6e001b3eef54,Toxicity,74,70,2552.857666|3.000000|0.000000|0.000000|0.000000,15.735100746154785,3.0,2613.279785|3.000000|0.000000|0.000000|0.000000,2008.708252|15.000000|5.000000|2.000000|0.000000,2024.302856|15.000000|5.000000|2.000000|0.000000,15,87.911079,N/A,5
MOGP_NSGAII,a8c41b8e-f0a6-11f0-91b9-6e001b3eef54,Toxicity,74,71,2552.857666|3.000000|0.000000|0.000000|0.000000,15.789129972457886,3.0,2613.279785|3.000000|0.000000|0.000000|0.000000,2008.708252|15.000000|5.000000|2.000000|0.000000,2024.302856|15.000000|5.000000|2.000000|0.000000,15,87.911079,N/A,5
MOGP_NSGAII,a8c41b8e-f0a6-11f0-91b9-6e001b3eef54,Toxicity,74,72,2552.857666|3.000000|0.000000|0.000000|0.000000,16.082124948501587,3.0,2613.279785|3.000000|0.000000|0.000000|0.000000,2008.708252|15.000000|5.000000|2.000000|0.000000,2024.302856|15.000000|5.000000|2.000000|0.000000,15,87.911079,N/A,5
MOGP_NSGAII,a8c41b8e-f0a6-11f0-91b9-6e001b3eef54,Toxicity,74,73,2552.857666|3.000000|0.000000|0.000000|0.000000,16.229957818984985,3.0,2613.279785|3.000000|0.000000|0.000000|0.000000,2008.708252|15.000000|5.000000|2.000000|0.000000,2024.302856|15.000000|5.000000|2.000000|0.000000,15,87.911079,N/A,5
MOGP_NSGAII,a8c41b8e-f0a6-11f0-91b9-6e001b3eef54,Toxicity,74,74,2552.857666|3.000000|0.000000|0.000000|0.000000,16.35487699508667,3.0,2613.279785|3.000000|0.000000|0.000000|0.000000,2008.708252|15.000000|5.000000|2.000000|0.000000,2024.302856|15.000000|5.000000|2.000000|0.000000,15,87.911079,N/A,5
MOGP_NSGAII,a8c41b8e-f0a6-11f0-91b9-6e001b3eef54,Toxicity,74,75,2552.857666|3.000000|0.000000|0.000000|0.000000,16.53535795211792,3.0,2613.279785|3.000000|0.000000|0.000000|0.000000,2008.708252|15.000000|5.000000|2.000000|0.000000,2024.302856|15.000000|5.000000|2.000000|0.000000,15,87.911079,N/A,5
MOGP_NSGAII,a8c41b8e-f0a6-11f0-91b9-6e001b3eef54,Toxicity,74,76,2552.857666|3.000000|0.000000|0.000000|0.000000,15.653142213821411,3.0,2613.279785|3.000000|0.000000|0.000000|0.000000,2008.708252|15.000000|5.000000|2.000000|0.000000,2024.302856|15.000000|5.000000|2.000000|0.000000,15,87.911079,N/A,5
MOGP_NSGAII,a8c41b8e-f0a6-11f0-91b9-6e001b3eef54,Toxicity,74,77,2552.857666|3.000000|0.000000|0.000000|0.000000,16.03466796875,3.0,2613.279785|3.000000|0.000000|0.000000|0.000000,2008.708252|15.000000|5.000000|2.000000|0.000000,2024.302856|15.000000|5.000000|2.000000|0.000000,15,87.911079,N/A,5
MOGP_NSGAII,a8c41b8e-f0a6-11f0-91b9-6e001b3eef54,Toxicity,74,78,2552.857666|3.000000|0.000000|0.000000|0.000000,15.732589960098267,3.0,2613.279785|3.000000|0.000000|0.000000|0.000000,2008.708252|15.000000|5.000000|2.000000|0.000000,2024.302856|15.000000|5.000000|2.000000|0.000000,15,87.911079,N/A,5
MOGP_NSGAII,a8c41b8e-f0a6-11f0-91b9-6e001b3eef54,Toxicity,74,79,2552.857666|3.000000|0.000000|0.000000|0.000000,16.07245683670044,3.0,2613.279785|3.000000|0.000000|0.000000|0.000000,2008.708252|15.000000|5.000000|2.000000|0.000000,2024.302856|15.000000|5.000000|2.000000|0.000000,15,87.911079,N/A,5
MOGP_NSGAII,a8c41b8e-f0a6-11f0-91b9-6e001b3eef54,Toxicity,74,80,2552.857666|3.000000|0.000000|0.000000|0.000000,16.28102993965149,3.0,2613.279785|3.000000|0.000000|0.000000|0.000000,2008.708252|15.000000|5.000000|2.000000|0.000000,2024.302856|15.000000|5.000000|2.000000|0.000000,15,87.911079,N/A,5
MOGP_NSGAII,a8c41b8e-f0a6-11f0-91b9-6e001b3eef54,Toxicity,74,81,2552.857666|3.000000|0.000000|0.000000|0.000000,16.34007501602173,3.0,2613.279785|3.000000|0.000000|0.000000|0.000000,2008.708252|15.000000|5.000000|2.000000|0.000000,2024.302856|15.000000|5.000000|2.000000|0.000000,15,87.911079,N/A,5
MOGP_NSGAII,a8c41b8e-f0a6-11f0-91b9-6e001b3eef54,Toxicity,74,82,2552.857666|3.000000|0.000000|0.000000|0.000000,16.224647998809814,3.0,2613.279785|3.000000|0.000000|0.000000|0.000000,2008.708252|15.000000|5.000000|2.000000|0.000000,2024.302856|15.000000|5.000000|2.000000|0.000000,15,87.911079,N/A,5
MOGP_NSGAII,a8c41b8e-f0a6-11f0-91b9-6e001b3eef54,Toxicity,74,83,2552.857666|3.000000|0.000000|0.000000|0.000000,16.26911997795105,3.0,2613.279785|3.000000|0.000000|0.000000|0.000000,2008.708252|15.000000|5.000000|2.000000|0.000000,2024.302856|15.000000|5.000000|2.000000|0.000000,15,87.911079,N/A,5
MOGP_NSGAII,a8c41b8e-f0a6-11f0-91b9-6e001b3eef54,Toxicity,74,84,2552.857666|3.000000|0.000000|0.000000|0.000000,16.418532848358154,3.0,2613.279785|3.000000|0.000000|0.000000|0.000000,2008.708252|15.000000|5.000000|2.000000|0.000000,2024.302856|15.000000|5.000000|2.000000|0.000000,15,87.911079,N/A,5
MOGP_NSGAII,a8c41b8e-f0a6-11f0-91b9-6e001b3eef54,Toxicity,74,85,2552.857666|3.000000|0.000000|0.000000|0.000000,15.717258930206299,3.0,2613.279785|3.000000|0.000000|0.000000|0.000000,2008.708252|15.000000|5.000000|2.000000|0.000000,2024.302856|15.000000|5.000000|2.000000|0.000000,15,87.911079,N/A,5
MOGP_NSGAII,a8c41b8e-f0a6-11f0-91b9-6e001b3eef54,Toxicity,74,86,2552.857666|3.000000|0.000000|0.000000|0.000000,16.36424708366394,3.0,2613.279785|3.000000|0.000000|0.000000|0.000000,2008.708252|15.000000|5.000000|2.000000|0.000000,2024.302856|15.000000|5.000000|2.000000|0.000000,15,87.911079,N/A,5
MOGP_NSGAII,a8c41b8e-f0a6-11f0-91b9-6e001b3eef54,Toxicity,74,87,2552.857666|3.000000|0.000000|0.000000|0.000000,16.140343189239502,3.0,2613.279785|3.000000|0.000000|0.000000|0.000000,2008.708252|15.000000|5.000000|2.000000|0.000000,2024.302856|15.000000|5.000000|2.000000|0.000000,15,87.911079,N/A,5
MOGP_NSGAII,a8c41b8e-f0a6-11f0-91b9-6e001b3eef54,Toxicity,74,88,2552.857666|3.000000|0.000000|0.000000|0.000000,16.2797269821167,3.0,2613.279785|3.000000|0.000000|0.000000|0.000000,2008.708252|15.000000|5.000000|2.000000|0.000000,2024.302856|15.000000|5.000000|2.000000|0.000000,15,87.911079,N/A,5
MOGP_NSGAII,a8c41b8e-f0a6-11f0-91b9-6e001b3eef54,Toxicity,74,89,2552.857666|3.000000|0.000000|0.000000|0.000000,15.740190982818604,3.0,2613.279785|3.000000|0.000000|0.000000|0.000000,2008.708252|15.000000|5.000000|2.000000|0.000000,2024.302856|15.000000|5.000000|2.000000|0.000000,15,87.911079,N/A,5
MOGP_NSGAII,a8c41b8e-f0a6-11f0-91b9-6e001b3eef54,Toxicity,74,90,2552.857666|3.000000|0.000000|0.000000|0.000000,15.832712888717651,3.0,2613.279785|3.000000|0.000000|0.000000|0.000000,2008.708252|15.000000|5.000000|2.000000|0.000000,2024.302856|15.000000|5.000000|2.000000|0.000000,15,87.911079,N/A,5
MOGP_NSGAII,a8c41b8e-f0a6-11f0-91b9-6e001b3eef54,Toxicity,74,91,2552.857666|3.000000|0.000000|0.000000|0.000000,16.407168865203857,3.0,2613.279785|3.000000|0.000000|0.000000|0.000000,2008.708252|15.000000|5.000000|2.000000|0.000000,2024.302856|15.000000|5.000000|2.000000|0.000000,15,87.911079,N/A,5
MOGP_NSGAII,a8c41b8e-f0a6-11f0-91b9-6e001b3eef54,Toxicity,74,92,2552.857666|3.000000|0.000000|0.000000|0.000000,15.906527042388916,3.0,2613.279785|3.000000|0.000000|0.000000|0.000000,2008.708252|15.000000|5.000000|2.000000|0.000000,2024.302856|15.000000|5.000000|2.000000|0.000000,15,87.911079,N/A,5
MOGP_NSGAII,a8c41b8e-f0a6-11f0-91b9-6e001b3eef54,Toxicity,74,93,2552.857666|3.000000|0.000000|0.000000|0.000000,15.777438879013062,3.0,2613.279785|3.000000|0.000000|0.000000|0.000000,2008.708252|15.000000|5.000000|2.000000|0.000000,2024.302856|15.000000|5.000000|2.000000|0.000000,15,87.911079,N/A,5
MOGP_NSGAII,a8c41b8e-f0a6-11f0-91b9-6e001b3eef54,Toxicity,74,94,2552.857666|3.000000|0.000000|0.000000|0.000000,15.926132917404175,3.0,2613.279785|3.000000|0.000000|0.000000|0.000000,2008.708252|15.000000|5.000000|2.000000|0.000000,2024.302856|15.000000|5.000000|2.000000|0.000000,15,87.911079,N/A,5
MOGP_NSGAII,a8c41b8e-f0a6-11f0-91b9-6e001b3eef54,Toxicity,74,95,2552.857666|3.000000|0.000000|0.000000|0.000000,16.067692041397095,3.0,2613.279785|3.000000|0.000000|0.000000|0.000000,2008.708252|15.000000|5.000000|2.000000|0.000000,2024.302856|15.000000|5.000000|2.000000|0.000000,15,87.911079,N/A,5
MOGP_NSGAII,a8c41b8e-f0a6-11f0-91b9-6e001b3eef54,Toxicity,74,96,2552.857666|3.000000|0.000000|0.000000|0.000000,15.626796007156372,3.0,2613.279785|3.000000|0.000000|0.000000|0.000000,2008.708252|15.000000|5.000000|2.000000|0.000000,2024.302856|15.000000|5.000000|2.000000|0.000000,15,87.911079,N/A,5
MOGP_NSGAII,a8c41b8e-f0a6-11f0-91b9-6e001b3eef54,Toxicity,74,97,2552.857666|3.000000|0.000000|0.000000|0.000000,16.367312908172607,3.0,2613.279785|3.000000|0.000000|0.000000|0.000000,2008.708252|15.000000|5.000000|2.000000|0.000000,2024.302856|15.000000|5.000000|2.000000|0.000000,15,87.911079,N/A,5
MOGP_NSGAII,a8c41b8e-f0a6-11f0-91b9-6e001b3eef54,Toxicity,74,98,2552.857666|3.000000|0.000000|0.000000|0.000000,16.116981029510498,3.0,2613.279785|3.000000|0.000000|0.000000|0.000000,2008.708252|15.000000|5.000000|2.000000|0.000000,2024.302856|15.000000|5.000000|2.000000|0.000000,15,87.911079,N/A,5
MOGP_NSGAII,a8c41b8e-f0a6-11f0-91b9-6e001b3eef54,Toxicity,74,99,2552.857666|3.000000|0.000000|0.000000|0.000000,16.1339008808136,3.0,2613.279785|3.000000|0.000000|0.000000|0.000000,2008.708252|15.000000|5.000000|2.000000|0.000000,2024.302856|15.000000|5.000000|2.000000|0.000000,15,87.911079,N/A,5
MOGP_NSGAII,a8c41b8e-f0a6-11f0-91b9-6e001b3eef54,Toxicity,74,100,2552.857666|3.000000|0.000000|0.000000|0.000000,16.078838109970093,3.0,2613.279785|3.000000|0.000000|0.000000|0.000000,2008.708252|15.000000|5.000000|2.000000|0.000000,2024.302856|15.000000|5.000000|2.000000|0.000000,15,91.747124,N/A,5
MOGP_NSGAII,a8c41b8e-f0a6-11f0-91b9-6e001b3eef54,Toxicity,74,101,2552.857666|3.000000|0.000000|0.000000|0.000000,15.761450290679932,3.0,2613.279785|3.000000|0.000000|0.000000|0.000000,2008.708252|15.000000|5.000000|2.000000|0.000000,2024.302856|15.000000|5.000000|2.000000|0.000000,15,95.410645,N/A,5
MOGP_NSGAII,a8c41b8e-f0a6-11f0-91b9-6e001b3eef54,Toxicity,74,102,2552.857666|3.000000|0.000000|0.000000|0.000000,15.752114295959473,3.0,2613.279785|3.000000|0.000000|0.000000|0.000000,2008.708252|15.000000|5.000000|2.000000|0.000000,2024.302856|15.000000|5.000000|2.000000|0.000000,15,95.410645,N/A,5
MOGP_NSGAII,a8c41b8e-f0a6-11f0-91b9-6e001b3eef54,Toxicity,74,103,2552.857666|3.000000|0.000000|0.000000|0.000000,15.395098209381104,3.0,2613.279785|3.000000|0.000000|0.000000|0.000000,2008.708252|15.000000|5.000000|2.000000|0.000000,2024.302856|15.000000|5.000000|2.000000|0.000000,15,95.410645,N/A,5
MOGP_NSGAII,a8c41b8e-f0a6-11f0-91b9-6e001b3eef54,Toxicity,74,104,2552.857666|3.000000|0.000000|0.000000|0.000000,15.879406690597534,3.0,2613.279785|3.000000|0.000000|0.000000|0.000000,2008.708252|15.000000|5.000000|2.000000|0.000000,2024.302856|15.000000|5.000000|2.000000|0.000000,15,95.410645,N/A,5
MOGP_NSGAII,a8c41b8e-f0a6-11f0-91b9-6e001b3eef54,Toxicity,74,105,2552.857666|3.000000|0.000000|0.000000|0.000000,15.119854211807251,3.0,2613.279785|3.000000|0.000000|0.000000|0.000000,2008.708252|15.000000|5.000000|2.000000|0.000000,2024.302856|15.000000|5.000000|2.000000|0.000000,15,95.410645,N/A,5
MOGP_NSGAII,a8c41b8e-f0a6-11f0-91b9-6e001b3eef54,Toxicity,74,106,2552.857666|3.000000|0.000000|0.000000|0.000000,16.533479928970337,3.0,2613.279785|3.000000|0.000000|0.000000|0.000000,2008.708252|15.000000|5.000000|2.000000|0.000000,2024.302856|15.000000|5.000000|2.000000|0.000000,15,95.410645,N/A,5
MOGP_NSGAII,a8c41b8e-f0a6-11f0-91b9-6e001b3eef54,Toxicity,74,107,2552.857666|3.000000|0.000000|0.000000|0.000000,16.290462255477905,3.0,2613.279785|3.000000|0.000000|0.000000|0.000000,2008.708252|15.000000|5.000000|2.000000|0.000000,2024.302856|15.000000|5.000000|2.000000|0.000000,15,95.410645,N/A,5
MOGP_NSGAII,a8c41b8e-f0a6-11f0-91b9-6e001b3eef54,Toxicity,74,108,2552.857666|3.000000|0.000000|0.000000|0.000000,16.12822198867798,3.0,2613.279785|3.000000|0.000000|0.000000|0.000000,2008.708252|15.000000|5.000000|2.000000|0.000000,2024.302856|15.000000|5.000000|2.000000|0.000000,15,95.410645,N/A,5
MOGP_NSGAII,a8c41b8e-f0a6-11f0-91b9-6e001b3eef54,Toxicity,74,109,2552.857666|3.000000|0.000000|0.000000|0.000000,15.635860919952393,3.0,2613.279785|3.000000|0.000000|0.000000|0.000000,2008.708252|15.000000|5.000000|2.000000|0.000000,2024.302856|15.000000|5.000000|2.000000|0.000000,15,95.410645,N/A,5
MOGP_NSGAII,a8c41b8e-f0a6-11f0-91b9-6e001b3eef54,Toxicity,74,110,2552.857666|3.000000|0.000000|0.000000|0.000000,16.25530695915222,3.0,2613.279785|3.000000|0.000000|0.000000|0.000000,2008.708252|15.000000|5.000000|2.000000|0.000000,2024.302856|15.000000|5.000000|2.000000|0.000000,15,95.410645,N/A,5
MOGP_NSGAII,a8c41b8e-f0a6-11f0-91b9-6e001b3eef54,Toxicity,74,111,2552.857666|3.000000|0.000000|0.000000|0.000000,18.046408891677856,3.0,2613.279785|3.000000|0.000000|0.000000|0.000000,2008.708252|15.000000|5.000000|2.000000|0.000000,2024.302856|15.000000|5.000000|2.000000|0.000000,15,95.410645,N/A,5
MOGP_NSGAII,a8c41b8e-f0a6-11f0-91b9-6e001b3eef54,Toxicity,74,112,2552.857666|3.000000|0.000000|0.000000|0.000000,16.411598682403564,3.0,2613.279785|3.000000|0.000000|0.000000|0.000000,2008.708252|15.000000|5.000000|2.000000|0.000000,2024.302856|15.000000|5.000000|2.000000|0.000000,15,95.410645,N/A,5
MOGP_NSGAII,a8c41b8e-f0a6-11f0-91b9-6e001b3eef54,Toxicity,74,113,2552.857666|3.000000|0.000000|0.000000|0.000000,16.333129167556763,3.0,2613.279785|3.000000|0.000000|0.000000|0.000000,2008.708252|15.000000|5.000000|2.000000|0.000000,2024.302856|15.000000|5.000000|2.000000|0.000000,15,95.410645,N/A,5
MOGP_NSGAII,a8c41b8e-f0a6-11f0-91b9-6e001b3eef54,Toxicity,74,114,2552.857666|3.000000|0.000000|0.000000|0.000000,16.916483163833618,3.0,2613.279785|3.000000|0.000000|0.000000|0.000000,2008.708252|15.000000|5.000000|2.000000|0.000000,2024.302856|15.000000|5.000000|2.000000|0.000000,15,95.410645,N/A,5
MOGP_NSGAII,a8c41b8e-f0a6-11f0-91b9-6e001b3eef54,Toxicity,74,115,2552.857666|3.000000|0.000000|0.000000|0.000000,16.15830707550049,3.0,2613.279785|3.000000|0.000000|0.000000|0.000000,2008.708252|15.000000|5.000000|2.000000|0.000000,2024.302856|15.000000|5.000000|2.000000|0.000000,15,95.410645,N/A,5
MOGP_NSGAII,a8c41b8e-f0a6-11f0-91b9-6e001b3eef54,Toxicity,74,116,2552.857666|3.000000|0.000000|0.000000|0.000000,15.990488767623901,3.0,2613.279785|3.000000|0.000000|0.000000|0.000000,2008.708252|15.000000|5.000000|2.000000|0.000000,2024.302856|15.000000|5.000000|2.000000|0.000000,15,95.410645,N/A,5
MOGP_NSGAII,a8c41b8e-f0a6-11f0-91b9-6e001b3eef54,Toxicity,74,117,2552.857666|3.000000|0.000000|0.000000|0.000000,15.37291693687439,3.0,2613.279785|3.000000|0.000000|0.000000|0.000000,2008.708252|15.000000|5.000000|2.000000|0.000000,2024.302856|15.000000|5.000000|2.000000|0.000000,15,95.410645,N/A,5
MOGP_NSGAII,a8c41b8e-f0a6-11f0-91b9-6e001b3eef54,Toxicity,74,118,2552.857666|3.000000|0.000000|0.000000|0.000000,16.58229660987854,3.0,2613.279785|3.000000|0.000000|0.000000|0.000000,2008.708252|15.000000|5.000000|2.000000|0.000000,2024.302856|15.000000|5.000000|2.000000|0.000000,15,95.410645,N/A,5
MOGP_NSGAII,a8c41b8e-f0a6-11f0-91b9-6e001b3eef54,Toxicity,74,119,2552.857666|3.000000|0.000000|0.000000|0.000000,16.97782325744629,3.0,2613.279785|3.000000|0.000000|0.000000|0.000000,2008.708252|15.000000|5.000000|2.000000|0.000000,2024.302856|15.000000|5.000000|2.000000|0.000000,15,95.410645,N/A,5
MOGP_NSGAII,a8c41b8e-f0a6-11f0-91b9-6e001b3eef54,Toxicity,74,120,2552.857666|3.000000|0.000000|0.000000|0.000000,16.389871835708618,3.0,2613.279785|3.000000|0.000000|0.000000|0.000000,2008.708252|15.000000|5.000000|2.000000|0.000000,2024.302856|15.000000|5.000000|2.000000|0.000000,15,95.410645,N/A,5
MOGP_NSGAII,a8c41b8e-f0a6-11f0-91b9-6e001b3eef54,Toxicity,74,121,2552.857666|3.000000|0.000000|0.000000|0.000000,16.38181185722351,3.0,2613.279785|3.000000|0.000000|0.000000|0.000000,2008.708252|15.000000|5.000000|2.000000|0.000000,2024.302856|15.000000|5.000000|2.000000|0.000000,15,95.410645,N/A,5
MOGP_NSGAII,a8c41b8e-f0a6-11f0-91b9-6e001b3eef54,Toxicity,74,122,2552.857666|3.000000|0.000000|0.000000|0.000000,15.532448768615723,3.0,2613.279785|3.000000|0.000000|0.000000|0.000000,2008.708252|15.000000|5.000000|2.000000|0.000000,2024.302856|15.000000|5.000000|2.000000|0.000000,15,95.410645,N/A,5
MOGP_NSGAII,a8c41b8e-f0a6-11f0-91b9-6e001b3eef54,Toxicity,74,123,2552.857666|3.000000|0.000000|0.000000|0.000000,15.855848789215088,3.0,2613.279785|3.000000|0.000000|0.000000|0.000000,2008.708252|15.000000|5.000000|2.000000|0.000000,2024.302856|15.000000|5.000000|2.000000|0.000000,15,95.410645,N/A,5
MOGP_NSGAII,a8c41b8e-f0a6-11f0-91b9-6e001b3eef54,Toxicity,74,124,2552.857666|3.000000|0.000000|0.000000|0.000000,16.34955596923828,3.0,2613.279785|3.000000|0.000000|0.000000|0.000000,2008.708252|15.000000|5.000000|2.000000|0.000000,2024.302856|15.000000|5.000000|2.000000|0.000000,15,95.410645,N/A,5
MOGP_NSGAII,a8c41b8e-f0a6-11f0-91b9-6e001b3eef54,Toxicity,74,125,2552.857666|3.000000|0.000000|0.000000|0.000000,16.289015769958496,3.0,2613.279785|3.000000|0.000000|0.000000|0.000000,2008.708252|15.000000|5.000000|2.000000|0.000000,2024.302856|15.000000|5.000000|2.000000|0.000000,15,95.410645,N/A,5
MOGP_NSGAII,a8c41b8e-f0a6-11f0-91b9-6e001b3eef54,Toxicity,74,126,2552.857666|3.000000|0.000000|0.000000|0.000000,15.917418003082275,3.0,2613.279785|3.000000|0.000000|0.000000|0.000000,2008.708252|15.000000|5.000000|2.000000|0.000000,2024.302856|15.000000|5.000000|2.000000|0.000000,15,95.410645,N/A,5
MOGP_NSGAII,a8c41b8e-f0a6-11f0-91b9-6e001b3eef54,Toxicity,74,127,2552.857666|3.000000|0.000000|0.000000|0.000000,16.571762084960938,3.0,2613.279785|3.000000|0.000000|0.000000|0.000000,2008.708252|15.000000|5.000000|2.000000|0.000000,2024.302856|15.000000|5.000000|2.000000|0.000000,15,91.750137,N/A,5
MOGP_NSGAII,a8c41b8e-f0a6-11f0-91b9-6e001b3eef54,Toxicity,74,128,2552.857666|3.000000|0.000000|0.000000|0.000000,16.752361059188843,3.0,2613.279785|3.000000|0.000000|0.000000|0.000000,2008.708252|15.000000|5.000000|2.000000|0.000000,2024.302856|15.000000|5.000000|2.000000|0.000000,15,91.750137,N/A,5
MOGP_NSGAII,a8c41b8e-f0a6-11f0-91b9-6e001b3eef54,Toxicity,74,129,2552.857666|3.000000|0.000000|0.000000|0.000000,15.959192037582397,3.0,2613.279785|3.000000|0.000000|0.000000|0.000000,2008.708252|15.000000|5.000000|2.000000|0.000000,2024.302856|15.000000|5.000000|2.000000|0.000000,15,75.103386,N/A,5
MOGP_NSGAII,a8c41b8e-f0a6-11f0-91b9-6e001b3eef54,Toxicity,74,130,2552.857666|3.000000|0.000000|0.000000|0.000000,17.09295082092285,3.0,2613.279785|3.000000|0.000000|0.000000|0.000000,2008.708252|15.000000|5.000000|2.000000|0.000000,2024.302856|15.000000|5.000000|2.000000|0.000000,15,75.103386,N/A,5
MOGP_NSGAII,a8c41b8e-f0a6-11f0-91b9-6e001b3eef54,Toxicity,74,131,2552.857666|3.000000|0.000000|0.000000|0.000000,16.795228242874146,3.0,2613.279785|3.000000|0.000000|0.000000|0.000000,2008.708252|15.000000|5.000000|2.000000|0.000000,2024.302856|15.000000|5.000000|2.000000|0.000000,15,75.103386,N/A,5
MOGP_NSGAII,a8c41b8e-f0a6-11f0-91b9-6e001b3eef54,Toxicity,74,132,2552.857666|3.000000|0.000000|0.000000|0.000000,17.288794994354248,3.0,2613.279785|3.000000|0.000000|0.000000|0.000000,2008.708252|15.000000|5.000000|2.000000|0.000000,2024.302856|15.000000|5.000000|2.000000|0.000000,15,79.647491,N/A,5
MOGP_NSGAII,a8c41b8e-f0a6-11f0-91b9-6e001b3eef54,Toxicity,74,133,2552.857666|3.000000|0.000000|0.000000|0.000000,15.063776969909668,3.0,2613.279785|3.000000|0.000000|0.000000|0.000000,2008.708252|15.000000|5.000000|2.000000|0.000000,2024.302856|15.000000|5.000000|2.000000|0.000000,15,79.647491,N/A,5
MOGP_NSGAII,a8c41b8e-f0a6-11f0-91b9-6e001b3eef54,Toxicity,74,134,2552.857666|3.000000|0.000000|0.000000|0.000000,14.12348484992981,3.0,2613.279785|3.000000|0.000000|0.000000|0.000000,2008.708252|15.000000|5.000000|2.000000|0.000000,2024.302856|15.000000|5.000000|2.000000|0.000000,15,79.647491,N/A,5
MOGP_NSGAII,a8c41b8e-f0a6-11f0-91b9-6e001b3eef54,Toxicity,74,135,2552.857666|3.000000|0.000000|0.000000|0.000000,14.132077932357788,3.0,2613.279785|3.000000|0.000000|0.000000|0.000000,2008.708252|15.000000|5.000000|2.000000|0.000000,2024.302856|15.000000|5.000000|2.000000|0.000000,15,79.647491,N/A,5
MOGP_NSGAII,a8c41b8e-f0a6-11f0-91b9-6e001b3eef54,Toxicity,74,136,2552.857666|3.000000|0.000000|0.000000|0.000000,14.564463138580322,3.0,2613.279785|3.000000|0.000000|0.000000|0.000000,2008.708252|15.000000|5.000000|2.000000|0.000000,2024.302856|15.000000|5.000000|2.000000|0.000000,15,79.647491,N/A,5
MOGP_NSGAII,a8c41b8e-f0a6-11f0-91b9-6e001b3eef54,Toxicity,74,137,2552.857666|3.000000|0.000000|0.000000|0.000000,14.78539490699768,3.0,2613.279785|3.000000|0.000000|0.000000|0.000000,2008.708252|15.000000|5.000000|2.000000|0.000000,2024.302856|15.000000|5.000000|2.000000|0.000000,15,79.647491,N/A,5
MOGP_NSGAII,a8c41b8e-f0a6-11f0-91b9-6e001b3eef54,Toxicity,74,138,2552.857666|3.000000|0.000000|0.000000|0.000000,14.881722927093506,3.0,2613.279785|3.000000|0.000000|0.000000|0.000000,2008.708252|15.000000|5.000000|2.000000|0.000000,2024.302856|15.000000|5.000000|2.000000|0.000000,15,79.647491,N/A,5
MOGP_NSGAII,a8c41b8e-f0a6-11f0-91b9-6e001b3eef54,Toxicity,74,139,2552.857666|3.000000|0.000000|0.000000|0.000000,14.484729051589966,3.0,2613.279785|3.000000|0.000000|0.000000|0.000000,2008.708252|15.000000|5.000000|2.000000|0.000000,2024.302856|15.000000|5.000000|2.000000|0.000000,15,79.647491,N/A,5
MOGP_NSGAII,a8c41b8e-f0a6-11f0-91b9-6e001b3eef54,Toxicity,74,140,2552.857666|3.000000|0.000000|0.000000|0.000000,14.923671007156372,3.0,2613.279785|3.000000|0.000000|0.000000|0.000000,2008.708252|15.000000|5.000000|2.000000|0.000000,2024.302856|15.000000|5.000000|2.000000|0.000000,15,79.647491,N/A,5
MOGP_NSGAII,a8c41b8e-f0a6-11f0-91b9-6e001b3eef54,Toxicity,74,141,2552.857666|3.000000|0.000000|0.000000|0.000000,14.692302942276001,3.0,2613.279785|3.000000|0.000000|0.000000|0.000000,2008.708252|15.000000|5.000000|2.000000|0.000000,2024.302856|15.000000|5.000000|2.000000|0.000000,15,79.647491,N/A,5
MOGP_NSGAII,a8c41b8e-f0a6-11f0-91b9-6e001b3eef54,Toxicity,74,142,2552.857666|3.000000|0.000000|0.000000|0.000000,14.669026613235474,3.0,2613.279785|3.000000|0.000000|0.000000|0.000000,2008.708252|15.000000|5.000000|2.000000|0.000000,2024.302856|15.000000|5.000000|2.000000|0.000000,15,79.647491,N/A,5
MOGP_NSGAII,a8c41b8e-f0a6-11f0-91b9-6e001b3eef54,Toxicity,74,143,2552.857666|3.000000|0.000000|0.000000|0.000000,15.219157934188843,3.0,2613.279785|3.000000|0.000000|0.000000|0.000000,2008.708252|15.000000|5.000000|2.000000|0.000000,2024.302856|15.000000|5.000000|2.000000|0.000000,15,79.647491,N/A,5
MOGP_NSGAII,a8c41b8e-f0a6-11f0-91b9-6e001b3eef54,Toxicity,74,144,2552.857666|3.000000|0.000000|0.000000|0.000000,15.02911376953125,3.0,2613.279785|3.000000|0.000000|0.000000|0.000000,2008.708252|15.000000|5.000000|2.000000|0.000000,2024.302856|15.000000|5.000000|2.000000|0.000000,15,79.647491,N/A,5
MOGP_NSGAII,a8c41b8e-f0a6-11f0-91b9-6e001b3eef54,Toxicity,74,145,2552.857666|3.000000|0.000000|0.000000|0.000000,14.67445993423462,3.0,2613.279785|3.000000|0.000000|0.000000|0.000000,2008.708252|15.000000|5.000000|2.000000|0.000000,2024.302856|15.000000|5.000000|2.000000|0.000000,15,79.647491,N/A,5
MOGP_NSGAII,a8c41b8e-f0a6-11f0-91b9-6e001b3eef54,Toxicity,74,146,2552.857666|3.000000|0.000000|0.000000|0.000000,14.37996506690979,3.0,2613.279785|3.000000|0.000000|0.000000|0.000000,2008.708252|15.000000|5.000000|2.000000|0.000000,2024.302856|15.000000|5.000000|2.000000|0.000000,15,79.647491,N/A,5
MOGP_NSGAII,a8c41b8e-f0a6-11f0-91b9-6e001b3eef54,Toxicity,74,147,2552.857666|3.000000|0.000000|0.000000|0.000000,14.843326807022095,3.0,2613.279785|3.000000|0.000000|0.000000|0.000000,2008.708252|15.000000|5.000000|2.000000|0.000000,2024.302856|15.000000|5.000000|2.000000|0.000000,15,79.647491,N/A,5
MOGP_NSGAII,a8c41b8e-f0a6-11f0-91b9-6e001b3eef54,Toxicity,74,148,2552.857666|3.000000|0.000000|0.000000|0.000000,14.536925792694092,3.0,2613.279785|3.000000|0.000000|0.000000|0.000000,2008.708252|15.000000|5.000000|2.000000|0.000000,2024.302856|15.000000|5.000000|2.000000|0.000000,15,79.647491,N/A,5
MOGP_NSGAII,a8c41b8e-f0a6-11f0-91b9-6e001b3eef54,Toxicity,74,149,2552.857666|3.000000|0.000000|0.000000|0.000000,14.239481687545776,3.0,2613.279785|3.000000|0.000000|0.000000|0.000000,2008.708252|15.000000|5.000000|2.000000|0.000000,2024.302856|15.000000|5.000000|2.000000|0.000000,15,79.647491,N/A,5
MOGP_NSGAII,a8c41b8e-f0a6-11f0-91b9-6e001b3eef54,Toxicity,74,150,2552.857666|3.000000|0.000000|0.000000|0.000000,14.924023151397705,3.0,2613.279785|3.000000|0.000000|0.000000|0.000000,2008.708252|15.000000|5.000000|2.000000|0.000000,2024.302856|15.000000|5.000000|2.000000|0.000000,15,79.647491,N/A,5
MOGP_NSGAII,a8c41b8e-f0a6-11f0-91b9-6e001b3eef54,Toxicity,74,151,2552.857666|3.000000|0.000000|0.000000|0.000000,14.536953926086426,3.0,2613.279785|3.000000|0.000000|0.000000|0.000000,2008.708252|15.000000|5.000000|2.000000|0.000000,2024.302856|15.000000|5.000000|2.000000|0.000000,15,79.647491,N/A,5
MOGP_NSGAII,a8c41b8e-f0a6-11f0-91b9-6e001b3eef54,Toxicity,74,152,2552.857666|3.000000|0.000000|0.000000|0.000000,14.830468893051147,3.0,2613.279785|3.000000|0.000000|0.000000|0.000000,2008.708252|15.000000|5.000000|2.000000|0.000000,2024.302856|15.000000|5.000000|2.000000|0.000000,15,79.647491,N/A,5
MOGP_NSGAII,a8c41b8e-f0a6-11f0-91b9-6e001b3eef54,Toxicity,74,153,2552.857666|3.000000|0.000000|0.000000|0.000000,14.717002868652344,3.0,2613.279785|3.000000|0.000000|0.000000|0.000000,2008.708252|15.000000|5.000000|2.000000|0.000000,2024.302856|15.000000|5.000000|2.000000|0.000000,15,79.647491,N/A,5
MOGP_NSGAII,a8c41b8e-f0a6-11f0-91b9-6e001b3eef54,Toxicity,74,154,2552.857666|3.000000|0.000000|0.000000|0.000000,14.939696073532104,3.0,2613.279785|3.000000|0.000000|0.000000|0.000000,2008.708252|15.000000|5.000000|2.000000|0.000000,2024.302856|15.000000|5.000000|2.000000|0.000000,15,79.647491,N/A,5
MOGP_NSGAII,a8c41b8e-f0a6-11f0-91b9-6e001b3eef54,Toxicity,74,155,2552.857666|3.000000|0.000000|0.000000|0.000000,14.856430053710938,3.0,2613.279785|3.000000|0.000000|0.000000|0.000000,2008.708252|15.000000|5.000000|2.000000|0.000000,2024.302856|15.000000|5.000000|2.000000|0.000000,15,79.647491,N/A,5
MOGP_NSGAII,a8c41b8e-f0a6-11f0-91b9-6e001b3eef54,Toxicity,74,156,2552.857666|3.000000|0.000000|0.000000|0.000000,14.230637073516846,3.0,2613.279785|3.000000|0.000000|0.000000|0.000000,2008.708252|15.000000|5.000000|2.000000|0.000000,2024.302856|15.000000|5.000000|2.000000|0.000000,15,79.647491,N/A,5
MOGP_NSGAII,a8c41b8e-f0a6-11f0-91b9-6e001b3eef54,Toxicity,74,157,2552.857666|3.000000|0.000000|0.000000|0.000000,14.740448951721191,3.0,2613.279785|3.000000|0.000000|0.000000|0.000000,2008.708252|15.000000|5.000000|2.000000|0.000000,2024.302856|15.000000|5.000000|2.000000|0.000000,15,79.647491,N/A,5
MOGP_NSGAII,a8c41b8e-f0a6-11f0-91b9-6e001b3eef54,Toxicity,74,158,2552.857666|3.000000|0.000000|0.000000|0.000000,14.857067108154297,3.0,2613.279785|3.000000|0.000000|0.000000|0.000000,2008.708252|15.000000|5.000000|2.000000|0.000000,2024.302856|15.000000|5.000000|2.000000|0.000000,15,79.647491,N/A,5
MOGP_NSGAII,a8c41b8e-f0a6-11f0-91b9-6e001b3eef54,Toxicity,74,159,2552.857666|3.000000|0.000000|0.000000|0.000000,15.004142045974731,3.0,2613.279785|3.000000|0.000000|0.000000|0.000000,2008.708252|15.000000|5.000000|2.000000|0.000000,2024.302856|15.000000|5.000000|2.000000|0.000000,15,79.647491,N/A,5
MOGP_NSGAII,a8c41b8e-f0a6-11f0-91b9-6e001b3eef54,Toxicity,74,160,2552.857666|3.000000|0.000000|0.000000|0.000000,14.537484884262085,3.0,2613.279785|3.000000|0.000000|0.000000|0.000000,2008.708252|15.000000|5.000000|2.000000|0.000000,2024.302856|15.000000|5.000000|2.000000|0.000000,15,79.647491,N/A,5
MOGP_NSGAII,a8c41b8e-f0a6-11f0-91b9-6e001b3eef54,Toxicity,74,161,2552.857666|3.000000|0.000000|0.000000|0.000000,14.54436206817627,3.0,2613.279785|3.000000|0.000000|0.000000|0.000000,2008.708252|15.000000|5.000000|2.000000|0.000000,2024.302856|15.000000|5.000000|2.000000|0.000000,15,79.647491,N/A,5
MOGP_NSGAII,a8c41b8e-f0a6-11f0-91b9-6e001b3eef54,Toxicity,74,162,2552.857666|3.000000|0.000000|0.000000|0.000000,14.547956943511963,3.0,2613.279785|3.000000|0.000000|0.000000|0.000000,2008.708252|15.000000|5.000000|2.000000|0.000000,2024.302856|15.000000|5.000000|2.000000|0.000000,15,79.647491,N/A,5
MOGP_NSGAII,a8c41b8e-f0a6-11f0-91b9-6e001b3eef54,Toxicity,74,163,2552.857666|3.000000|0.000000|0.000000|0.000000,14.197036981582642,3.0,2613.279785|3.000000|0.000000|0.000000|0.000000,2008.708252|15.000000|5.000000|2.000000|0.000000,2024.302856|15.000000|5.000000|2.000000|0.000000,15,79.647491,N/A,5
MOGP_NSGAII,a8c41b8e-f0a6-11f0-91b9-6e001b3eef54,Toxicity,74,164,2552.857666|3.000000|0.000000|0.000000|0.000000,14.506623983383179,3.0,2613.279785|3.000000|0.000000|0.000000|0.000000,2008.708252|15.000000|5.000000|2.000000|0.000000,2024.302856|15.000000|5.000000|2.000000|0.000000,15,79.647491,N/A,5
MOGP_NSGAII,a8c41b8e-f0a6-11f0-91b9-6e001b3eef54,Toxicity,74,165,2552.857666|3.000000|0.000000|0.000000|0.000000,14.728399991989136,3.0,2613.279785|3.000000|0.000000|0.000000|0.000000,2008.708252|15.000000|5.000000|2.000000|0.000000,2024.302856|15.000000|5.000000|2.000000|0.000000,15,79.647491,N/A,5
MOGP_NSGAII,a8c41b8e-f0a6-11f0-91b9-6e001b3eef54,Toxicity,74,166,2552.857666|3.000000|0.000000|0.000000|0.000000,14.431520938873291,3.0,2613.279785|3.000000|0.000000|0.000000|0.000000,2008.708252|15.000000|5.000000|2.000000|0.000000,2024.302856|15.000000|5.000000|2.000000|0.000000,15,79.647491,N/A,5
MOGP_NSGAII,a8c41b8e-f0a6-11f0-91b9-6e001b3eef54,Toxicity,74,167,2552.857666|3.000000|0.000000|0.000000|0.000000,14.586162805557251,3.0,2613.279785|3.000000|0.000000|0.000000|0.000000,2008.708252|15.000000|5.000000|2.000000|0.000000,2024.302856|15.000000|5.000000|2.000000|0.000000,15,79.647491,N/A,5
MOGP_NSGAII,a8c41b8e-f0a6-11f0-91b9-6e001b3eef54,Toxicity,74,168,2552.857666|3.000000|0.000000|0.000000|0.000000,14.803967952728271,3.0,2613.279785|3.000000|0.000000|0.000000|0.000000,2008.708252|15.000000|5.000000|2.000000|0.000000,2024.302856|15.000000|5.000000|2.000000|0.000000,15,79.647491,N/A,5
MOGP_NSGAII,a8c41b8e-f0a6-11f0-91b9-6e001b3eef54,Toxicity,74,169,2552.857666|3.000000|0.000000|0.000000|0.000000,14.926331043243408,3.0,2613.279785|3.000000|0.000000|0.000000|0.000000,2008.708252|15.000000|5.000000|2.000000|0.000000,2024.302856|15.000000|5.000000|2.000000|0.000000,15,79.647491,N/A,5
MOGP_NSGAII,a8c41b8e-f0a6-11f0-91b9-6e001b3eef54,Toxicity,74,170,2552.857666|3.000000|0.000000|0.000000|0.000000,14.594899892807007,3.0,2613.279785|3.000000|0.000000|0.000000|0.000000,2008.708252|15.000000|5.000000|2.000000|0.000000,2024.302856|15.000000|5.000000|2.000000|0.000000,15,79.647491,N/A,5
MOGP_NSGAII,a8c41b8e-f0a6-11f0-91b9-6e001b3eef54,Toxicity,74,171,2552.857666|3.000000|0.000000|0.000000|0.000000,14.363769054412842,3.0,2613.279785|3.000000|0.000000|0.000000|0.000000,2008.708252|15.000000|5.000000|2.000000|0.000000,2024.302856|15.000000|5.000000|2.000000|0.000000,15,79.647491,N/A,5
MOGP_NSGAII,a8c41b8e-f0a6-11f0-91b9-6e001b3eef54,Toxicity,74,172,2552.857666|3.000000|0.000000|0.000000|0.000000,14.959198236465454,3.0,2613.279785|3.000000|0.000000|0.000000|0.000000,2008.708252|15.000000|5.000000|2.000000|0.000000,2024.302856|15.000000|5.000000|2.000000|0.000000,15,79.647491,N/A,5
MOGP_NSGAII,a8c41b8e-f0a6-11f0-91b9-6e001b3eef54,Toxicity,74,173,2552.857666|3.000000|0.000000|0.000000|0.000000,14.713533163070679,3.0,2613.279785|3.000000|0.000000|0.000000|0.000000,2008.708252|15.000000|5.000000|2.000000|0.000000,2024.302856|15.000000|5.000000|2.000000|0.000000,15,79.647491,N/A,5
MOGP_NSGAII,a8c41b8e-f0a6-11f0-91b9-6e001b3eef54,Toxicity,74,174,2552.857666|3.000000|0.000000|0.000000|0.000000,14.830900430679321,3.0,2613.279785|3.000000|0.000000|0.000000|0.000000,2008.708252|15.000000|5.000000|2.000000|0.000000,2024.302856|15.000000|5.000000|2.000000|0.000000,15,79.647491,N/A,5
MOGP_NSGAII,a8c41b8e-f0a6-11f0-91b9-6e001b3eef54,Toxicity,74,175,2552.857666|3.000000|0.000000|0.000000|0.000000,14.370535850524902,3.0,2613.279785|3.000000|0.000000|0.000000|0.000000,2008.708252|15.000000|5.000000|2.000000|0.000000,2024.302856|15.000000|5.000000|2.000000|0.000000,15,79.647491,N/A,5
MOGP_NSGAII,a8c41b8e-f0a6-11f0-91b9-6e001b3eef54,Toxicity,74,176,2552.857666|3.000000|0.000000|0.000000|0.000000,14.840916872024536,3.0,2613.279785|3.000000|0.000000|0.000000|0.000000,2008.708252|15.000000|5.000000|2.000000|0.000000,2024.302856|15.000000|5.000000|2.000000|0.000000,15,79.647491,N/A,5
MOGP_NSGAII,a8c41b8e-f0a6-11f0-91b9-6e001b3eef54,Toxicity,74,177,2552.857666|3.000000|0.000000|0.000000|0.000000,14.618448972702026,3.0,2613.279785|3.000000|0.000000|0.000000|0.000000,2008.708252|15.000000|5.000000|2.000000|0.000000,2024.302856|15.000000|5.000000|2.000000|0.000000,15,79.647491,N/A,5
MOGP_NSGAII,a8c41b8e-f0a6-11f0-91b9-6e001b3eef54,Toxicity,74,178,2552.857666|3.000000|0.000000|0.000000|0.000000,14.196406841278076,3.0,2613.279785|3.000000|0.000000|0.000000|0.000000,2008.708252|15.000000|5.000000|2.000000|0.000000,2024.302856|15.000000|5.000000|2.000000|0.000000,15,79.647491,N/A,5
MOGP_NSGAII,a8c41b8e-f0a6-11f0-91b9-6e001b3eef54,Toxicity,74,179,2552.857666|3.000000|0.000000|0.000000|0.000000,14.741894245147705,3.0,2613.279785|3.000000|0.000000|0.000000|0.000000,2008.708252|15.000000|5.000000|2.000000|0.000000,2024.302856|15.000000|5.000000|2.000000|0.000000,15,79.647491,N/A,5
MOGP_NSGAII,a8c41b8e-f0a6-11f0-91b9-6e001b3eef54,Toxicity,74,180,2552.857666|3.000000|0.000000|0.000000|0.000000,14.572153091430664,3.0,2613.279785|3.000000|0.000000|0.000000|0.000000,2008.708252|15.000000|5.000000|2.000000|0.000000,2024.302856|15.000000|5.000000|2.000000|0.000000,15,79.647491,N/A,5
MOGP_NSGAII,a8c41b8e-f0a6-11f0-91b9-6e001b3eef54,Toxicity,74,181,2552.857666|3.000000|0.000000|0.000000|0.000000,14.953885793685913,3.0,2613.279785|3.000000|0.000000|0.000000|0.000000,2008.708252|15.000000|5.000000|2.000000|0.000000,2024.302856|15.000000|5.000000|2.000000|0.000000,15,79.647491,N/A,5
MOGP_NSGAII,a8c41b8e-f0a6-11f0-91b9-6e001b3eef54,Toxicity,74,182,2552.857666|3.000000|0.000000|0.000000|0.000000,14.084995031356812,3.0,2613.279785|3.000000|0.000000|0.000000|0.000000,2008.708252|15.000000|5.000000|2.000000|0.000000,2024.302856|15.000000|5.000000|2.000000|0.000000,15,79.647491,N/A,5
MOGP_NSGAII,a8c41b8e-f0a6-11f0-91b9-6e001b3eef54,Toxicity,74,183,2552.857666|3.000000|0.000000|0.000000|0.000000,13.943169832229614,3.0,2613.279785|3.000000|0.000000|0.000000|0.000000,2008.708252|15.000000|5.000000|2.000000|0.000000,2024.302856|15.000000|5.000000|2.000000|0.000000,15,79.647491,N/A,5
MOGP_NSGAII,a8c41b8e-f0a6-11f0-91b9-6e001b3eef54,Toxicity,74,184,2552.857666|3.000000|0.000000|0.000000|0.000000,14.800885915756226,3.0,2613.279785|3.000000|0.000000|0.000000|0.000000,2008.708252|15.000000|5.000000|2.000000|0.000000,2024.302856|15.000000|5.000000|2.000000|0.000000,15,79.647491,N/A,5
MOGP_NSGAII,a8c41b8e-f0a6-11f0-91b9-6e001b3eef54,Toxicity,74,185,2552.857666|3.000000|0.000000|0.000000|0.000000,14.823822975158691,3.0,2613.279785|3.000000|0.000000|0.000000|0.000000,2008.708252|15.000000|5.000000|2.000000|0.000000,2024.302856|15.000000|5.000000|2.000000|0.000000,15,79.647491,N/A,5
MOGP_NSGAII,a8c41b8e-f0a6-11f0-91b9-6e001b3eef54,Toxicity,74,186,2552.857666|3.000000|0.000000|0.000000|0.000000,14.515990734100342,3.0,2613.279785|3.000000|0.000000|0.000000|0.000000,2008.708252|15.000000|5.000000|2.000000|0.000000,2024.302856|15.000000|5.000000|2.000000|0.000000,15,79.647491,N/A,5
MOGP_NSGAII,a8c41b8e-f0a6-11f0-91b9-6e001b3eef54,Toxicity,74,187,2552.857666|3.000000|0.000000|0.000000|0.000000,14.356645345687866,3.0,2613.279785|3.000000|0.000000|0.000000|0.000000,2008.708252|15.000000|5.000000|2.000000|0.000000,2024.302856|15.000000|5.000000|2.000000|0.000000,15,79.647491,N/A,5
MOGP_NSGAII,a8c41b8e-f0a6-11f0-91b9-6e001b3eef54,Toxicity,74,188,2552.857666|3.000000|0.000000|0.000000|0.000000,14.333882808685303,3.0,2613.279785|3.000000|0.000000|0.000000|0.000000,2008.708252|15.000000|5.000000|2.000000|0.000000,2024.302856|15.000000|5.000000|2.000000|0.000000,15,79.647491,N/A,5
MOGP_NSGAII,a8c41b8e-f0a6-11f0-91b9-6e001b3eef54,Toxicity,74,189,2552.857666|3.000000|0.000000|0.000000|0.000000,14.787276029586792,3.0,2613.279785|3.000000|0.000000|0.000000|0.000000,2008.708252|15.000000|5.000000|2.000000|0.000000,2024.302856|15.000000|5.000000|2.000000|0.000000,15,79.647491,N/A,5
MOGP_NSGAII,a8c41b8e-f0a6-11f0-91b9-6e001b3eef54,Toxicity,74,190,2552.857666|3.000000|0.000000|0.000000|0.000000,14.466426849365234,3.0,2613.279785|3.000000|0.000000|0.000000|0.000000,2008.708252|15.000000|5.000000|2.000000|0.000000,2024.302856|15.000000|5.000000|2.000000|0.000000,15,79.647491,N/A,5
MOGP_NSGAII,a8c41b8e-f0a6-11f0-91b9-6e001b3eef54,Toxicity,74,191,2552.857666|3.000000|0.000000|0.000000|0.000000,14.779056072235107,3.0,2613.279785|3.000000|0.000000|0.000000|0.000000,2008.708252|15.000000|5.000000|2.000000|0.000000,2024.302856|15.000000|5.000000|2.000000|0.000000,15,79.647491,N/A,5
MOGP_NSGAII,a8c41b8e-f0a6-11f0-91b9-6e001b3eef54,Toxicity,74,192,2552.857666|3.000000|0.000000|0.000000|0.000000,14.125423192977905,3.0,2613.279785|3.000000|0.000000|0.000000|0.000000,2008.708252|15.000000|5.000000|2.000000|0.000000,2024.302856|15.000000|5.000000|2.000000|0.000000,15,79.647491,N/A,5
MOGP_NSGAII,a8c41b8e-f0a6-11f0-91b9-6e001b3eef54,Toxicity,74,193,2552.857666|3.000000|0.000000|0.000000|0.000000,14.419440746307373,3.0,2613.279785|3.000000|0.000000|0.000000|0.000000,2008.708252|15.000000|5.000000|2.000000|0.000000,2024.302856|15.000000|5.000000|2.000000|0.000000,15,79.647491,N/A,5
MOGP_NSGAII,a8c41b8e-f0a6-11f0-91b9-6e001b3eef54,Toxicity,74,194,2552.857666|3.000000|0.000000|0.000000|0.000000,14.641846656799316,3.0,2613.279785|3.000000|0.000000|0.000000|0.000000,2008.708252|15.000000|5.000000|2.000000|0.000000,2024.302856|15.000000|5.000000|2.000000|0.000000,15,79.647491,N/A,5
MOGP_NSGAII,a8c41b8e-f0a6-11f0-91b9-6e001b3eef54,Toxicity,74,195,2552.857666|3.000000|0.000000|0.000000|0.000000,14.237742900848389,3.0,2613.279785|3.000000|0.000000|0.000000|0.000000,2008.708252|15.000000|5.000000|2.000000|0.000000,2024.302856|15.000000|5.000000|2.000000|0.000000,15,77.298119,N/A,5
MOGP_NSGAII,a8c41b8e-f0a6-11f0-91b9-6e001b3eef54,Toxicity,74,196,2552.857666|3.000000|0.000000|0.000000|0.000000,14.903697967529297,3.0,2613.279785|3.000000|0.000000|0.000000|0.000000,2008.708252|15.000000|5.000000|2.000000|0.000000,2024.302856|15.000000|5.000000|2.000000|0.000000,15,77.298119,N/A,5
MOGP_NSGAII,a8c41b8e-f0a6-11f0-91b9-6e001b3eef54,Toxicity,74,197,2552.857666|3.000000|0.000000|0.000000|0.000000,14.757954120635986,3.0,2613.279785|3.000000|0.000000|0.000000|0.000000,2008.708252|15.000000|5.000000|2.000000|0.000000,2024.302856|15.000000|5.000000|2.000000|0.000000,15,77.298119,N/A,5
MOGP_NSGAII,a8c41b8e-f0a6-11f0-91b9-6e001b3eef54,Toxicity,74,198,2552.857666|3.000000|0.000000|0.000000|0.000000,15.120038747787476,3.0,2613.279785|3.000000|0.000000|0.000000|0.000000,2008.708252|15.000000|5.000000|2.000000|0.000000,2024.302856|15.000000|5.000000|2.000000|0.000000,15,80.335960,N/A,5
MOGP_NSGAII,a8c41b8e-f0a6-11f0-91b9-6e001b3eef54,Toxicity,74,199,2552.857666|3.000000|0.000000|0.000000|0.000000,14.046305179595947,3.0,2613.279785|3.000000|0.000000|0.000000|0.000000,2008.708252|15.000000|5.000000|2.000000|0.000000,2024.302856|15.000000|5.000000|2.000000|0.000000,15,80.335960,N/A,5
MOGP_NSGAII,a8c41b8e-f0a6-11f0-91b9-6e001b3eef54,Toxicity,74,200,2552.857666|3.000000|0.000000|0.000000|0.000000,14.192058086395264,3.0,2613.279785|3.000000|0.000000|0.000000|0.000000,2008.708252|15.000000|5.000000|2.000000|0.000000,2024.302856|15.000000|5.000000|2.000000|0.000000,15,80.335960,N/A,5
MOGP_NSGAII,a8c41b8e-f0a6-11f0-91b9-6e001b3eef54,Toxicity,74,201,2552.857666|3.000000|0.000000|0.000000|0.000000,15.013001918792725,3.0,2613.279785|3.000000|0.000000|0.000000|0.000000,2008.708252|15.000000|5.000000|2.000000|0.000000,2024.302856|15.000000|5.000000|2.000000|0.000000,15,80.335960,N/A,5
MOGP_NSGAII,a8c41b8e-f0a6-11f0-91b9-6e001b3eef54,Toxicity,74,202,2552.857666|3.000000|0.000000|0.000000|0.000000,14.796181917190552,3.0,2613.279785|3.000000|0.000000|0.000000|0.000000,2008.708252|15.000000|5.000000|2.000000|0.000000,2024.302856|15.000000|5.000000|2.000000|0.000000,15,80.335960,N/A,5
MOGP_NSGAII,a8c41b8e-f0a6-11f0-91b9-6e001b3eef54,Toxicity,74,203,2552.857666|3.000000|0.000000|0.000000|0.000000,14.772741317749023,3.0,2613.279785|3.000000|0.000000|0.000000|0.000000,2008.708252|15.000000|5.000000|2.000000|0.000000,2024.302856|15.000000|5.000000|2.000000|0.000000,15,80.335960,N/A,5
MOGP_NSGAII,a8c41b8e-f0a6-11f0-91b9-6e001b3eef54,Toxicity,74,204,2552.857666|3.000000|0.000000|0.000000|0.000000,14.093747854232788,3.0,2613.279785|3.000000|0.000000|0.000000|0.000000,2008.708252|15.000000|5.000000|2.000000|0.000000,2024.302856|15.000000|5.000000|2.000000|0.000000,15,80.335960,N/A,5
MOGP_NSGAII,a8c41b8e-f0a6-11f0-91b9-6e001b3eef54,Toxicity,74,205,2552.857666|3.000000|0.000000|0.000000|0.000000,15.111029148101807,3.0,2613.279785|3.000000|0.000000|0.000000|0.000000,2008.708252|15.000000|5.000000|2.000000|0.000000,2024.302856|15.000000|5.000000|2.000000|0.000000,15,80.335960,N/A,5
MOGP_NSGAII,a8c41b8e-f0a6-11f0-91b9-6e001b3eef54,Toxicity,74,206,2552.857666|3.000000|0.000000|0.000000|0.000000,14.603516101837158,3.0,2613.279785|3.000000|0.000000|0.000000|0.000000,2008.708252|15.000000|5.000000|2.000000|0.000000,2024.302856|15.000000|5.000000|2.000000|0.000000,15,80.335960,N/A,5
MOGP_NSGAII,a8c41b8e-f0a6-11f0-91b9-6e001b3eef54,Toxicity,74,207,2552.857666|3.000000|0.000000|0.000000|0.000000,14.347496032714844,3.0,2613.279785|3.000000|0.000000|0.000000|0.000000,2008.708252|15.000000|5.000000|2.000000|0.000000,2024.302856|15.000000|5.000000|2.000000|0.000000,15,80.335960,N/A,5
MOGP_NSGAII,a8c41b8e-f0a6-11f0-91b9-6e001b3eef54,Toxicity,74,208,2552.857666|3.000000|0.000000|0.000000|0.000000,14.533586978912354,3.0,2613.279785|3.000000|0.000000|0.000000|0.000000,2008.708252|15.000000|5.000000|2.000000|0.000000,2024.302856|15.000000|5.000000|2.000000|0.000000,15,80.335960,N/A,5
MOGP_NSGAII,a8c41b8e-f0a6-11f0-91b9-6e001b3eef54,Toxicity,74,209,2552.857666|3.000000|0.000000|0.000000|0.000000,14.444507837295532,3.0,2613.279785|3.000000|0.000000|0.000000|0.000000,2008.708252|15.000000|5.000000|2.000000|0.000000,2024.302856|15.000000|5.000000|2.000000|0.000000,15,80.335960,N/A,5
MOGP_NSGAII,a8c41b8e-f0a6-11f0-91b9-6e001b3eef54,Toxicity,74,210,2552.857666|3.000000|0.000000|0.000000|0.000000,14.592779159545898,3.0,2613.279785|3.000000|0.000000|0.000000|0.000000,2008.708252|15.000000|5.000000|2.000000|0.000000,2024.302856|15.000000|5.000000|2.000000|0.000000,15,80.335960,N/A,5
MOGP_NSGAII,a8c41b8e-f0a6-11f0-91b9-6e001b3eef54,Toxicity,74,211,2552.857666|3.000000|0.000000|0.000000|0.000000,14.178428888320923,3.0,2613.279785|3.000000|0.000000|0.000000|0.000000,2008.708252|15.000000|5.000000|2.000000|0.000000,2024.302856|15.000000|5.000000|2.000000|0.000000,15,80.335960,N/A,5
MOGP_NSGAII,a8c41b8e-f0a6-11f0-91b9-6e001b3eef54,Toxicity,74,212,2552.857666|3.000000|0.000000|0.000000|0.000000,14.380175113677979,3.0,2613.279785|3.000000|0.000000|0.000000|0.000000,2008.708252|15.000000|5.000000|2.000000|0.000000,2024.302856|15.000000|5.000000|2.000000|0.000000,15,80.335960,N/A,5
MOGP_NSGAII,a8c41b8e-f0a6-11f0-91b9-6e001b3eef54,Toxicity,74,213,2552.857666|3.000000|0.000000|0.000000|0.000000,14.744658946990967,3.0,2613.279785|3.000000|0.000000|0.000000|0.000000,2008.708252|15.000000|5.000000|2.000000|0.000000,2024.302856|15.000000|5.000000|2.000000|0.000000,15,80.335960,N/A,5
MOGP_NSGAII,a8c41b8e-f0a6-11f0-91b9-6e001b3eef54,Toxicity,74,214,2552.857666|3.000000|0.000000|0.000000|0.000000,14.624188899993896,3.0,2613.279785|3.000000|0.000000|0.000000|0.000000,2008.708252|15.000000|5.000000|2.000000|0.000000,2024.302856|15.000000|5.000000|2.000000|0.000000,15,80.335960,N/A,5
MOGP_NSGAII,a8c41b8e-f0a6-11f0-91b9-6e001b3eef54,Toxicity,74,215,2552.857666|3.000000|0.000000|0.000000|0.000000,15.15514588356018,3.0,2613.279785|3.000000|0.000000|0.000000|0.000000,2008.708252|15.000000|5.000000|2.000000|0.000000,2024.302856|15.000000|5.000000|2.000000|0.000000,15,80.335960,N/A,5
MOGP_NSGAII,a8c41b8e-f0a6-11f0-91b9-6e001b3eef54,Toxicity,74,216,2552.857666|3.000000|0.000000|0.000000|0.000000,14.362373113632202,3.0,2613.279785|3.000000|0.000000|0.000000|0.000000,2008.708252|15.000000|5.000000|2.000000|0.000000,2024.302856|15.000000|5.000000|2.000000|0.000000,15,80.335960,N/A,5
MOGP_NSGAII,a8c41b8e-f0a6-11f0-91b9-6e001b3eef54,Toxicity,74,217,2552.857666|3.000000|0.000000|0.000000|0.000000,14.293945789337158,3.0,2613.279785|3.000000|0.000000|0.000000|0.000000,2008.708252|15.000000|5.000000|2.000000|0.000000,2024.302856|15.000000|5.000000|2.000000|0.000000,15,80.335960,N/A,5
MOGP_NSGAII,a8c41b8e-f0a6-11f0-91b9-6e001b3eef54,Toxicity,74,218,2552.857666|3.000000|0.000000|0.000000|0.000000,14.6196870803833,3.0,2613.279785|3.000000|0.000000|0.000000|0.000000,2008.708252|15.000000|5.000000|2.000000|0.000000,2024.302856|15.000000|5.000000|2.000000|0.000000,15,80.335960,N/A,5
MOGP_NSGAII,a8c41b8e-f0a6-11f0-91b9-6e001b3eef54,Toxicity,74,219,2552.857666|3.000000|0.000000|0.000000|0.000000,14.845824003219604,3.0,2613.279785|3.000000|0.000000|0.000000|0.000000,2008.708252|15.000000|5.000000|2.000000|0.000000,2024.302856|15.000000|5.000000|2.000000|0.000000,15,80.335960,N/A,5
MOGP_NSGAII,a8c41b8e-f0a6-11f0-91b9-6e001b3eef54,Toxicity,74,220,2552.857666|3.000000|0.000000|0.000000|0.000000,14.725927114486694,3.0,2613.279785|3.000000|0.000000|0.000000|0.000000,2008.708252|15.000000|5.000000|2.000000|0.000000,2024.302856|15.000000|5.000000|2.000000|0.000000,15,80.335960,N/A,5
MOGP_NSGAII,a8c41b8e-f0a6-11f0-91b9-6e001b3eef54,Toxicity,74,221,2552.857666|3.000000|0.000000|0.000000|0.000000,14.215426921844482,3.0,2613.279785|3.000000|0.000000|0.000000|0.000000,2008.708252|15.000000|5.000000|2.000000|0.000000,2024.302856|15.000000|5.000000|2.000000|0.000000,15,80.335960,N/A,5
MOGP_NSGAII,a8c41b8e-f0a6-11f0-91b9-6e001b3eef54,Toxicity,74,222,2552.857666|3.000000|0.000000|0.000000|0.000000,14.082880020141602,3.0,2613.279785|3.000000|0.000000|0.000000|0.000000,2008.708252|15.000000|5.000000|2.000000|0.000000,2024.302856|15.000000|5.000000|2.000000|0.000000,15,80.335960,N/A,5
MOGP_NSGAII,a8c41b8e-f0a6-11f0-91b9-6e001b3eef54,Toxicity,74,223,2552.857666|3.000000|0.000000|0.000000|0.000000,14.430347681045532,3.0,2613.279785|3.000000|0.000000|0.000000|0.000000,2008.708252|15.000000|5.000000|2.000000|0.000000,2024.302856|15.000000|5.000000|2.000000|0.000000,15,80.335960,N/A,5
MOGP_NSGAII,a8c41b8e-f0a6-11f0-91b9-6e001b3eef54,Toxicity,74,224,2552.857666|3.000000|0.000000|0.000000|0.000000,14.317952871322632,3.0,2613.279785|3.000000|0.000000|0.000000|0.000000,2008.708252|15.000000|5.000000|2.000000|0.000000,2024.302856|15.000000|5.000000|2.000000|0.000000,15,80.335960,N/A,5
MOGP_NSGAII,a8c41b8e-f0a6-11f0-91b9-6e001b3eef54,Toxicity,74,225,2552.857666|3.000000|0.000000|0.000000|0.000000,14.822198629379272,3.0,2613.279785|3.000000|0.000000|0.000000|0.000000,2008.708252|15.000000|5.000000|2.000000|0.000000,2024.302856|15.000000|5.000000|2.000000|0.000000,15,80.335960,N/A,5
MOGP_NSGAII,a8c41b8e-f0a6-11f0-91b9-6e001b3eef54,Toxicity,74,226,2552.857666|3.000000|0.000000|0.000000|0.000000,14.353956937789917,3.0,2613.279785|3.000000|0.000000|0.000000|0.000000,2008.708252|15.000000|5.000000|2.000000|0.000000,2024.302856|15.000000|5.000000|2.000000|0.000000,15,80.335960,N/A,5
MOGP_NSGAII,a8c41b8e-f0a6-11f0-91b9-6e001b3eef54,Toxicity,74,227,2552.857666|3.000000|0.000000|0.000000|0.000000,14.72717809677124,3.0,2613.279785|3.000000|0.000000|0.000000|0.000000,2008.708252|15.000000|5.000000|2.000000|0.000000,2024.302856|15.000000|5.000000|2.000000|0.000000,15,80.335960,N/A,5
MOGP_NSGAII,a8c41b8e-f0a6-11f0-91b9-6e001b3eef54,Toxicity,74,228,2552.857666|3.000000|0.000000|0.000000|0.000000,14.593447923660278,3.0,2613.279785|3.000000|0.000000|0.000000|0.000000,2008.708252|15.000000|5.000000|2.000000|0.000000,2024.302856|15.000000|5.000000|2.000000|0.000000,15,80.335960,N/A,5
MOGP_NSGAII,a8c41b8e-f0a6-11f0-91b9-6e001b3eef54,Toxicity,74,229,2552.857666|3.000000|0.000000|0.000000|0.000000,14.319037914276123,3.0,2613.279785|3.000000|0.000000|0.000000|0.000000,2008.708252|15.000000|5.000000|2.000000|0.000000,2024.302856|15.000000|5.000000|2.000000|0.000000,15,80.335960,N/A,5
MOGP_NSGAII,a8c41b8e-f0a6-11f0-91b9-6e001b3eef54,Toxicity,74,230,2552.857666|3.000000|0.000000|0.000000|0.000000,14.64368987083435,3.0,2613.279785|3.000000|0.000000|0.000000|0.000000,2008.708252|15.000000|5.000000|2.000000|0.000000,2024.302856|15.000000|5.000000|2.000000|0.000000,15,80.335960,N/A,5
MOGP_NSGAII,a8c41b8e-f0a6-11f0-91b9-6e001b3eef54,Toxicity,74,231,2552.857666|3.000000|0.000000|0.000000|0.000000,14.638043880462646,3.0,2613.279785|3.000000|0.000000|0.000000|0.000000,2008.708252|15.000000|5.000000|2.000000|0.000000,2024.302856|15.000000|5.000000|2.000000|0.000000,15,80.335960,N/A,5
MOGP_NSGAII,a8c41b8e-f0a6-11f0-91b9-6e001b3eef54,Toxicity,74,232,2552.857666|3.000000|0.000000|0.000000|0.000000,15.067553997039795,3.0,2613.279785|3.000000|0.000000|0.000000|0.000000,2008.708252|15.000000|5.000000|2.000000|0.000000,2024.302856|15.000000|5.000000|2.000000|0.000000,15,80.335960,N/A,5
MOGP_NSGAII,a8c41b8e-f0a6-11f0-91b9-6e001b3eef54,Toxicity,74,233,2552.857666|3.000000|0.000000|0.000000|0.000000,15.13746690750122,3.0,2613.279785|3.000000|0.000000|0.000000|0.000000,2008.708252|15.000000|5.000000|2.000000|0.000000,2024.302856|15.000000|5.000000|2.000000|0.000000,15,80.335960,N/A,5
MOGP_NSGAII,a8c41b8e-f0a6-11f0-91b9-6e001b3eef54,Toxicity,74,234,2552.857666|3.000000|0.000000|0.000000|0.000000,14.394462823867798,3.0,2613.279785|3.000000|0.000000|0.000000|0.000000,2008.708252|15.000000|5.000000|2.000000|0.000000,2024.302856|15.000000|5.000000|2.000000|0.000000,15,80.335960,N/A,5
MOGP_NSGAII,a8c41b8e-f0a6-11f0-91b9-6e001b3eef54,Toxicity,74,235,2552.857666|3.000000|0.000000|0.000000|0.000000,15.07398796081543,3.0,2613.279785|3.000000|0.000000|0.000000|0.000000,2008.708252|15.000000|5.000000|2.000000|0.000000,2024.302856|15.000000|5.000000|2.000000|0.000000,15,80.335960,N/A,5
MOGP_NSGAII,a8c41b8e-f0a6-11f0-91b9-6e001b3eef54,Toxicity,74,236,2552.857666|3.000000|0.000000|0.000000|0.000000,14.864078044891357,3.0,2613.279785|3.000000|0.000000|0.000000|0.000000,2008.708252|15.000000|5.000000|2.000000|0.000000,2024.302856|15.000000|5.000000|2.000000|0.000000,15,80.335960,N/A,5
MOGP_NSGAII,a8c41b8e-f0a6-11f0-91b9-6e001b3eef54,Toxicity,74,237,2552.857666|3.000000|0.000000|0.000000|0.000000,14.93665099143982,3.0,2613.279785|3.000000|0.000000|0.000000|0.000000,2008.708252|15.000000|5.000000|2.000000|0.000000,2024.302856|15.000000|5.000000|2.000000|0.000000,15,80.335960,N/A,5
MOGP_NSGAII,a8c41b8e-f0a6-11f0-91b9-6e001b3eef54,Toxicity,74,238,2552.857666|3.000000|0.000000|0.000000|0.000000,14.92772102355957,3.0,2613.279785|3.000000|0.000000|0.000000|0.000000,2008.708252|15.000000|5.000000|2.000000|0.000000,2024.302856|15.000000|5.000000|2.000000|0.000000,15,80.335960,N/A,5
MOGP_NSGAII,a8c41b8e-f0a6-11f0-91b9-6e001b3eef54,Toxicity,74,239,2552.857666|3.000000|0.000000|0.000000|0.000000,14.405781030654907,3.0,2613.279785|3.000000|0.000000|0.000000|0.000000,2008.708252|15.000000|5.000000|2.000000|0.000000,2024.302856|15.000000|5.000000|2.000000|0.000000,15,80.335960,N/A,5
MOGP_NSGAII,a8c41b8e-f0a6-11f0-91b9-6e001b3eef54,Toxicity,74,240,2552.857666|3.000000|0.000000|0.000000|0.000000,14.647411823272705,3.0,2613.279785|3.000000|0.000000|0.000000|0.000000,2008.708252|15.000000|5.000000|2.000000|0.000000,2024.302856|15.000000|5.000000|2.000000|0.000000,15,80.335960,N/A,5
MOGP_NSGAII,a8c41b8e-f0a6-11f0-91b9-6e001b3eef54,Toxicity,74,241,2552.857666|3.000000|0.000000|0.000000|0.000000,15.29255485534668,3.0,2613.279785|3.000000|0.000000|0.000000|0.000000,2008.708252|15.000000|5.000000|2.000000|0.000000,2024.302856|15.000000|5.000000|2.000000|0.000000,15,80.335960,N/A,5
MOGP_NSGAII,a8c41b8e-f0a6-11f0-91b9-6e001b3eef54,Toxicity,74,242,2552.857666|3.000000|0.000000|0.000000|0.000000,14.046522855758667,3.0,2613.279785|3.000000|0.000000|0.000000|0.000000,2008.708252|15.000000|5.000000|2.000000|0.000000,2024.302856|15.000000|5.000000|2.000000|0.000000,15,80.335960,N/A,5
MOGP_NSGAII,a8c41b8e-f0a6-11f0-91b9-6e001b3eef54,Toxicity,74,243,2552.857666|3.000000|0.000000|0.000000|0.000000,15.20048975944519,3.0,2613.279785|3.000000|0.000000|0.000000|0.000000,2008.708252|15.000000|5.000000|2.000000|0.000000,2024.302856|15.000000|5.000000|2.000000|0.000000,15,80.335960,N/A,5
MOGP_NSGAII,a8c41b8e-f0a6-11f0-91b9-6e001b3eef54,Toxicity,74,244,2552.857666|3.000000|0.000000|0.000000|0.000000,14.744349956512451,3.0,2613.279785|3.000000|0.000000|0.000000|0.000000,2008.708252|15.000000|5.000000|2.000000|0.000000,2024.302856|15.000000|5.000000|2.000000|0.000000,15,80.335960,N/A,5
MOGP_NSGAII,a8c41b8e-f0a6-11f0-91b9-6e001b3eef54,Toxicity,74,245,2552.857666|3.000000|0.000000|0.000000|0.000000,14.569323062896729,3.0,2613.279785|3.000000|0.000000|0.000000|0.000000,2008.708252|15.000000|5.000000|2.000000|0.000000,2024.302856|15.000000|5.000000|2.000000|0.000000,15,80.335960,N/A,5
MOGP_NSGAII,a8c41b8e-f0a6-11f0-91b9-6e001b3eef54,Toxicity,74,246,2552.857666|3.000000|0.000000|0.000000|0.000000,14.550021886825562,3.0,2613.279785|3.000000|0.000000|0.000000|0.000000,2008.708252|15.000000|5.000000|2.000000|0.000000,2024.302856|15.000000|5.000000|2.000000|0.000000,15,80.335960,N/A,5
MOGP_NSGAII,a8c41b8e-f0a6-11f0-91b9-6e001b3eef54,Toxicity,74,247,2552.857666|3.000000|0.000000|0.000000|0.000000,14.330455780029297,3.0,2613.279785|3.000000|0.000000|0.000000|0.000000,2008.708252|15.000000|5.000000|2.000000|0.000000,2024.302856|15.000000|5.000000|2.000000|0.000000,15,80.335960,N/A,5
MOGP_NSGAII,a8c41b8e-f0a6-11f0-91b9-6e001b3eef54,Toxicity,74,248,2552.857666|3.000000|0.000000|0.000000|0.000000,15.132988929748535,3.0,2613.279785|3.000000|0.000000|0.000000|0.000000,2008.708252|15.000000|5.000000|2.000000|0.000000,2024.302856|15.000000|5.000000|2.000000|0.000000,15,80.335960,N/A,5
MOGP_NSGAII,a8c41b8e-f0a6-11f0-91b9-6e001b3eef54,Toxicity,74,249,2552.857666|3.000000|0.000000|0.000000|0.000000,14.544814109802246,3.0,2613.279785|3.000000|0.000000|0.000000|0.000000,2008.708252|15.000000|5.000000|2.000000|0.000000,2024.302856|15.000000|5.000000|2.000000|0.000000,15,80.335960,N/A,5
MOGP_NSGAII,a8c41b8e-f0a6-11f0-91b9-6e001b3eef54,Toxicity,74,250,2552.857666|3.000000|0.000000|0.000000|0.000000,14.850610971450806,3.0,2613.279785|3.000000|0.000000|0.000000|0.000000,2008.708252|15.000000|5.000000|2.000000|0.000000,2024.302856|15.000000|5.000000|2.000000|0.000000,15,80.335960,N/A,5
