MOGP_GENERATIONAL,33abb30e-ec7b-11f0-a54b-6e001b3eef54,Cooling,74,0,9.519447|3.000000,1.096134901046753,3.0,9.538762|3.000000,N/A,N/A,0,244280934400.000000,N/A,5
MOGP_GENERATIONAL,33abb30e-ec7b-11f0-a54b-6e001b3eef54,Cooling,74,1,4.492990|3.000000,1.0581328868865967,3.0,4.670046|3.000000,4.492990|3.000000,4.670046|3.000000,3,147009650688.000000,N/A,5
MOGP_GENERATIONAL,33abb30e-ec7b-11f0-a54b-6e001b3eef54,Cooling,74,2,4.492990|3.000000,1.185633897781372,3.0,4.670046|3.000000,4.492990|3.000000,4.670046|3.000000,3,104396275712.000000,N/A,5
MOGP_GENERATIONAL,33abb30e-ec7b-11f0-a54b-6e001b3eef54,Cooling,74,3,4.492990|3.000000,1.198024034500122,3.0,4.670046|3.000000,4.492990|3.000000,4.670046|3.000000,3,66022916096.000000,N/A,5
MOGP_GENERATIONAL,33abb30e-ec7b-11f0-a54b-6e001b3eef54,Cooling,74,4,4.492990|3.000000,1.1569828987121582,3.0,4.670046|3.000000,4.492990|3.000000,4.670046|3.000000,3,65196154880.000000,N/A,5
MOGP_GENERATIONAL,33abb30e-ec7b-11f0-a54b-6e001b3eef54,Cooling,74,5,4.492990|3.000000,1.2458670139312744,3.0,4.670046|3.000000,4.492990|3.000000,4.670046|3.000000,3,86277177344.000000,N/A,5
MOGP_GENERATIONAL,33abb30e-ec7b-11f0-a54b-6e001b3eef54,Cooling,74,6,4.492990|3.000000,1.1937658786773682,3.0,4.670046|3.000000,4.492990|3.000000,4.670046|3.000000,3,107093360640.000000,N/A,5
MOGP_GENERATIONAL,33abb30e-ec7b-11f0-a54b-6e001b3eef54,Cooling,74,7,4.492990|3.000000,1.1938271522521973,3.0,4.670046|3.000000,4.492990|3.000000,4.670046|3.000000,3,105776021504.000000,N/A,5
MOGP_GENERATIONAL,33abb30e-ec7b-11f0-a54b-6e001b3eef54,Cooling,74,8,4.492990|3.000000,1.1986608505249023,3.0,4.670046|3.000000,4.492990|3.000000,4.670046|3.000000,3,131126411264.000000,N/A,5
MOGP_GENERATIONAL,33abb30e-ec7b-11f0-a54b-6e001b3eef54,Cooling,74,9,4.492990|3.000000,1.2671630382537842,3.0,4.670046|3.000000,4.492990|3.000000,4.670046|3.000000,3,75557994496.000000,N/A,5
MOGP_GENERATIONAL,33abb30e-ec7b-11f0-a54b-6e001b3eef54,Cooling,74,10,4.492990|3.000000,1.1646969318389893,3.0,4.670046|3.000000,4.492990|3.000000,4.670046|3.000000,3,70533267456.000000,N/A,5
MOGP_GENERATIONAL,33abb30e-ec7b-11f0-a54b-6e001b3eef54,Cooling,74,11,4.492990|3.000000,1.1907098293304443,3.0,4.670046|3.000000,4.492990|3.000000,4.670046|3.000000,3,104802361344.000000,N/A,5
MOGP_GENERATIONAL,33abb30e-ec7b-11f0-a54b-6e001b3eef54,Cooling,74,12,4.492990|3.000000,1.2954602241516113,3.0,4.670046|3.000000,4.487379|9.000000,4.660325|9.000000,9,114769903616.000000,N/A,5
MOGP_GENERATIONAL,33abb30e-ec7b-11f0-a54b-6e001b3eef54,Cooling,74,13,4.492990|3.000000,1.2689881324768066,3.0,4.670046|3.000000,4.492990|3.000000,4.670046|3.000000,3,117982740480.000000,N/A,5
MOGP_GENERATIONAL,33abb30e-ec7b-11f0-a54b-6e001b3eef54,Cooling,74,14,4.492990|3.000000,1.438598871231079,3.0,4.670046|3.000000,4.492990|3.000000,4.670046|3.000000,3,95265259520.000000,N/A,5
MOGP_GENERATIONAL,33abb30e-ec7b-11f0-a54b-6e001b3eef54,Cooling,74,15,4.492990|3.000000,1.4574410915374756,3.0,4.670046|3.000000,4.492990|3.000000,4.670046|3.000000,3,83724787712.000000,N/A,5
MOGP_GENERATIONAL,33abb30e-ec7b-11f0-a54b-6e001b3eef54,Cooling,74,16,4.492990|3.000000,1.4444952011108398,3.0,4.670046|3.000000,4.492990|3.000000,4.670046|3.000000,3,99498762240.000000,N/A,5
MOGP_GENERATIONAL,33abb30e-ec7b-11f0-a54b-6e001b3eef54,Cooling,74,17,4.492990|3.000000,1.605346918106079,3.0,4.670046|3.000000,4.492990|3.000000,4.670046|3.000000,3,49946021888.000000,N/A,5
MOGP_GENERATIONAL,33abb30e-ec7b-11f0-a54b-6e001b3eef54,Cooling,74,18,4.492990|3.000000,1.5971250534057617,3.0,4.670046|3.000000,4.492990|3.000000,4.670046|3.000000,3,86059311104.000000,N/A,5
MOGP_GENERATIONAL,33abb30e-ec7b-11f0-a54b-6e001b3eef54,Cooling,74,19,4.492990|3.000000,1.7010440826416016,3.0,4.670046|3.000000,4.492990|3.000000,4.670046|3.000000,3,71281631232.000000,N/A,5
MOGP_GENERATIONAL,33abb30e-ec7b-11f0-a54b-6e001b3eef54,Cooling,74,20,4.492990|3.000000,1.7399530410766602,3.0,4.670046|3.000000,4.492990|3.000000,4.670046|3.000000,3,92098625536.000000,N/A,5
MOGP_GENERATIONAL,33abb30e-ec7b-11f0-a54b-6e001b3eef54,Cooling,74,21,4.492990|3.000000,1.8604090213775635,3.0,4.670046|3.000000,4.492990|3.000000,4.670046|3.000000,3,95166005248.000000,N/A,5
MOGP_GENERATIONAL,33abb30e-ec7b-11f0-a54b-6e001b3eef54,Cooling,74,22,4.492990|3.000000,1.801131010055542,3.0,4.670046|3.000000,4.492990|3.000000,4.670046|3.000000,3,113068064768.000000,N/A,5
MOGP_GENERATIONAL,33abb30e-ec7b-11f0-a54b-6e001b3eef54,Cooling,74,23,4.492990|3.000000,1.8936588764190674,3.0,4.670046|3.000000,4.492990|3.000000,4.670046|3.000000,3,51123724288.000000,N/A,5
MOGP_GENERATIONAL,33abb30e-ec7b-11f0-a54b-6e001b3eef54,Cooling,74,24,4.492990|3.000000,1.9402461051940918,3.0,4.670046|3.000000,4.492990|3.000000,4.670046|3.000000,3,86276857856.000000,N/A,5
MOGP_GENERATIONAL,33abb30e-ec7b-11f0-a54b-6e001b3eef54,Cooling,74,25,4.492990|3.000000,1.99235200881958,3.0,4.670046|3.000000,4.492990|3.000000,4.670046|3.000000,3,70533365760.000000,N/A,5
MOGP_GENERATIONAL,33abb30e-ec7b-11f0-a54b-6e001b3eef54,Cooling,74,26,4.492990|3.000000,1.8496570587158203,3.0,4.670046|3.000000,4.492990|3.000000,4.670046|3.000000,3,89297960960.000000,N/A,5
MOGP_GENERATIONAL,33abb30e-ec7b-11f0-a54b-6e001b3eef54,Cooling,74,27,4.492990|3.000000,1.9495182037353516,3.0,4.670046|3.000000,4.492990|3.000000,4.670046|3.000000,3,92423290880.000000,N/A,5
MOGP_GENERATIONAL,33abb30e-ec7b-11f0-a54b-6e001b3eef54,Cooling,74,28,4.492990|3.000000,1.868943214416504,3.0,4.670046|3.000000,4.492990|3.000000,4.670046|3.000000,3,70537142272.000000,N/A,5
MOGP_GENERATIONAL,33abb30e-ec7b-11f0-a54b-6e001b3eef54,Cooling,74,29,4.492990|3.000000,1.9749407768249512,3.0,4.670046|3.000000,4.492990|3.000000,4.670046|3.000000,3,105254019072.000000,N/A,5
MOGP_GENERATIONAL,33abb30e-ec7b-11f0-a54b-6e001b3eef54,Cooling,74,30,4.492990|3.000000,1.8845241069793701,3.0,4.670046|3.000000,4.492990|3.000000,4.670046|3.000000,3,82639159296.000000,N/A,5
MOGP_GENERATIONAL,33abb30e-ec7b-11f0-a54b-6e001b3eef54,Cooling,74,31,4.492990|3.000000,1.8815832138061523,3.0,4.670046|3.000000,4.492990|3.000000,4.670046|3.000000,3,70533685248.000000,N/A,5
MOGP_GENERATIONAL,33abb30e-ec7b-11f0-a54b-6e001b3eef54,Cooling,74,32,4.492990|3.000000,1.9681651592254639,3.0,4.670046|3.000000,4.492990|3.000000,4.670046|3.000000,3,64042164224.000000,N/A,5
MOGP_GENERATIONAL,33abb30e-ec7b-11f0-a54b-6e001b3eef54,Cooling,74,33,4.492990|3.000000,2.1210079193115234,3.0,4.670046|3.000000,4.492990|3.000000,4.670046|3.000000,3,106205011968.000000,N/A,5
MOGP_GENERATIONAL,33abb30e-ec7b-11f0-a54b-6e001b3eef54,Cooling,74,34,4.492990|3.000000,1.9561903476715088,3.0,4.670046|3.000000,4.492990|3.000000,4.670046|3.000000,3,113134370816.000000,N/A,5
MOGP_GENERATIONAL,33abb30e-ec7b-11f0-a54b-6e001b3eef54,Cooling,74,35,4.492990|3.000000,1.9587500095367432,3.0,4.670046|3.000000,4.492990|3.000000,4.670046|3.000000,3,121565200384.000000,N/A,5
MOGP_GENERATIONAL,33abb30e-ec7b-11f0-a54b-6e001b3eef54,Cooling,74,36,4.492990|3.000000,1.967480182647705,3.0,4.670046|3.000000,4.492990|3.000000,4.670046|3.000000,3,82199076864.000000,N/A,5
MOGP_GENERATIONAL,33abb30e-ec7b-11f0-a54b-6e001b3eef54,Cooling,74,37,4.492990|3.000000,1.9960126876831055,3.0,4.670046|3.000000,4.492990|3.000000,4.670046|3.000000,3,95650603008.000000,N/A,5
MOGP_GENERATIONAL,33abb30e-ec7b-11f0-a54b-6e001b3eef54,Cooling,74,38,4.492990|3.000000,1.9679749011993408,3.0,4.670046|3.000000,4.492990|3.000000,4.670046|3.000000,3,113731575808.000000,N/A,5
MOGP_GENERATIONAL,33abb30e-ec7b-11f0-a54b-6e001b3eef54,Cooling,74,39,4.492990|3.000000,1.9173681735992432,3.0,4.670046|3.000000,4.492990|3.000000,4.670046|3.000000,3,78693531648.000000,N/A,5
MOGP_GENERATIONAL,33abb30e-ec7b-11f0-a54b-6e001b3eef54,Cooling,74,40,4.492990|3.000000,2.0308470726013184,3.0,4.670046|3.000000,4.492990|3.000000,4.670046|3.000000,3,118093512704.000000,N/A,5
MOGP_GENERATIONAL,33abb30e-ec7b-11f0-a54b-6e001b3eef54,Cooling,74,41,4.492990|3.000000,2.1962149143218994,3.0,4.670046|3.000000,4.492990|3.000000,4.670046|3.000000,3,108317827072.000000,N/A,5
MOGP_GENERATIONAL,33abb30e-ec7b-11f0-a54b-6e001b3eef54,Cooling,74,42,4.492990|3.000000,2.1238040924072266,3.0,4.670046|3.000000,4.492990|3.000000,4.670046|3.000000,3,69583282176.000000,N/A,5
MOGP_GENERATIONAL,33abb30e-ec7b-11f0-a54b-6e001b3eef54,Cooling,74,43,4.492990|3.000000,1.9265069961547852,3.0,4.670046|3.000000,4.492990|3.000000,4.670046|3.000000,3,90050969600.000000,N/A,5
MOGP_GENERATIONAL,33abb30e-ec7b-11f0-a54b-6e001b3eef54,Cooling,74,44,4.492990|3.000000,2.245965003967285,3.0,4.670046|3.000000,4.492990|3.000000,4.670046|3.000000,3,95650619392.000000,N/A,5
MOGP_GENERATIONAL,33abb30e-ec7b-11f0-a54b-6e001b3eef54,Cooling,74,45,4.492990|3.000000,1.9488646984100342,3.0,4.670046|3.000000,4.492990|3.000000,4.670046|3.000000,3,107607908352.000000,N/A,5
MOGP_GENERATIONAL,33abb30e-ec7b-11f0-a54b-6e001b3eef54,Cooling,74,46,4.492990|3.000000,1.9579670429229736,3.0,4.670046|3.000000,4.492990|3.000000,4.670046|3.000000,3,122918445056.000000,N/A,5
MOGP_GENERATIONAL,33abb30e-ec7b-11f0-a54b-6e001b3eef54,Cooling,74,47,4.492990|3.000000,2.066044807434082,3.0,4.670046|3.000000,4.492990|3.000000,4.670046|3.000000,3,82640216064.000000,N/A,5
MOGP_GENERATIONAL,33abb30e-ec7b-11f0-a54b-6e001b3eef54,Cooling,74,48,4.492990|3.000000,2.0462629795074463,3.0,4.670046|3.000000,4.492990|3.000000,4.670046|3.000000,3,116430815232.000000,N/A,5
MOGP_GENERATIONAL,33abb30e-ec7b-11f0-a54b-6e001b3eef54,Cooling,74,49,4.492990|3.000000,2.146862030029297,3.0,4.670046|3.000000,4.492990|3.000000,4.670046|3.000000,3,124650774528.000000,N/A,5
MOGP_GENERATIONAL,33abb30e-ec7b-11f0-a54b-6e001b3eef54,Cooling,74,50,4.492990|3.000000,2.047506093978882,3.0,4.670046|3.000000,4.492990|3.000000,4.670046|3.000000,3,110455185408.000000,N/A,5
MOGP_GENERATIONAL,33abb30e-ec7b-11f0-a54b-6e001b3eef54,Cooling,74,51,4.492990|3.000000,2.1163289546966553,3.0,4.670046|3.000000,4.492990|3.000000,4.670046|3.000000,3,75580899328.000000,N/A,5
MOGP_GENERATIONAL,33abb30e-ec7b-11f0-a54b-6e001b3eef54,Cooling,74,52,4.492990|3.000000,2.2814090251922607,3.0,4.670046|3.000000,4.492990|3.000000,4.670046|3.000000,3,120987205632.000000,N/A,5
MOGP_GENERATIONAL,33abb30e-ec7b-11f0-a54b-6e001b3eef54,Cooling,74,53,4.492990|3.000000,2.0994949340820312,3.0,4.670046|3.000000,4.492990|3.000000,4.670046|3.000000,3,93886373888.000000,N/A,5
MOGP_GENERATIONAL,33abb30e-ec7b-11f0-a54b-6e001b3eef54,Cooling,74,54,4.492990|3.000000,2.122521162033081,3.0,4.670046|3.000000,4.492990|3.000000,4.670046|3.000000,3,75642880000.000000,N/A,5
MOGP_GENERATIONAL,33abb30e-ec7b-11f0-a54b-6e001b3eef54,Cooling,74,55,4.492990|3.000000,2.024077892303467,3.0,4.670046|3.000000,4.492990|3.000000,4.670046|3.000000,3,81901797376.000000,N/A,5
MOGP_GENERATIONAL,33abb30e-ec7b-11f0-a54b-6e001b3eef54,Cooling,74,56,4.492990|3.000000,2.066504955291748,3.0,4.670046|3.000000,4.492990|3.000000,4.670046|3.000000,3,94776221696.000000,N/A,5
MOGP_GENERATIONAL,33abb30e-ec7b-11f0-a54b-6e001b3eef54,Cooling,74,57,4.492990|3.000000,2.4293932914733887,3.0,4.670046|3.000000,4.492990|3.000000,4.670046|3.000000,3,93735157760.000000,N/A,5
MOGP_GENERATIONAL,33abb30e-ec7b-11f0-a54b-6e001b3eef54,Cooling,74,58,4.492990|3.000000,2.1308388710021973,3.0,4.670046|3.000000,4.492990|3.000000,4.670046|3.000000,3,139345952768.000000,N/A,5
MOGP_GENERATIONAL,33abb30e-ec7b-11f0-a54b-6e001b3eef54,Cooling,74,59,4.492990|3.000000,2.156684160232544,3.0,4.670046|3.000000,4.492990|3.000000,4.670046|3.000000,3,70538223616.000000,N/A,5
MOGP_GENERATIONAL,33abb30e-ec7b-11f0-a54b-6e001b3eef54,Cooling,74,60,4.492990|3.000000,2.201948881149292,3.0,4.670046|3.000000,4.492990|3.000000,4.670046|3.000000,3,64891002880.000000,N/A,5
MOGP_GENERATIONAL,33abb30e-ec7b-11f0-a54b-6e001b3eef54,Cooling,74,61,4.492990|3.000000,2.206979990005493,3.0,4.670046|3.000000,4.492990|3.000000,4.670046|3.000000,3,12718392320.000000,N/A,5
MOGP_GENERATIONAL,33abb30e-ec7b-11f0-a54b-6e001b3eef54,Cooling,74,62,4.492990|3.000000,2.1102888584136963,3.0,4.670046|3.000000,4.492990|3.000000,4.670046|3.000000,3,99498319872.000000,N/A,5
MOGP_GENERATIONAL,33abb30e-ec7b-11f0-a54b-6e001b3eef54,Cooling,74,63,4.492990|3.000000,2.0707199573516846,3.0,4.670046|3.000000,4.492990|3.000000,4.670046|3.000000,3,70540681216.000000,N/A,5
MOGP_GENERATIONAL,33abb30e-ec7b-11f0-a54b-6e001b3eef54,Cooling,74,64,4.492990|3.000000,2.212398052215576,3.0,4.670046|3.000000,4.492990|3.000000,4.670046|3.000000,3,86276857856.000000,N/A,5
MOGP_GENERATIONAL,33abb30e-ec7b-11f0-a54b-6e001b3eef54,Cooling,74,65,4.492990|3.000000,2.15682315826416,3.0,4.670046|3.000000,4.492990|3.000000,4.670046|3.000000,3,86276718592.000000,N/A,5
MOGP_GENERATIONAL,33abb30e-ec7b-11f0-a54b-6e001b3eef54,Cooling,74,66,4.492990|3.000000,2.0783169269561768,3.0,4.670046|3.000000,4.492990|3.000000,4.670046|3.000000,3,85539987456.000000,N/A,5
MOGP_GENERATIONAL,33abb30e-ec7b-11f0-a54b-6e001b3eef54,Cooling,74,67,4.492990|3.000000,2.202691078186035,3.0,4.670046|3.000000,4.492990|3.000000,4.670046|3.000000,3,82640388096.000000,N/A,5
MOGP_GENERATIONAL,33abb30e-ec7b-11f0-a54b-6e001b3eef54,Cooling,74,68,4.492990|3.000000,1.927966833114624,3.0,4.670046|3.000000,4.492990|3.000000,4.670046|3.000000,3,96370393088.000000,N/A,5
MOGP_GENERATIONAL,33abb30e-ec7b-11f0-a54b-6e001b3eef54,Cooling,74,69,4.492990|3.000000,1.9981441497802734,3.0,4.670046|3.000000,4.492990|3.000000,4.670046|3.000000,3,119064379392.000000,N/A,5
MOGP_GENERATIONAL,33abb30e-ec7b-11f0-a54b-6e001b3eef54,Cooling,74,70,4.492990|3.000000,2.0058810710906982,3.0,4.670046|3.000000,4.492990|3.000000,4.670046|3.000000,3,93141909504.000000,N/A,5
MOGP_GENERATIONAL,33abb30e-ec7b-11f0-a54b-6e001b3eef54,Cooling,74,71,4.492990|3.000000,1.9734892845153809,3.0,4.670046|3.000000,4.492990|3.000000,4.670046|3.000000,3,49937457152.000000,N/A,5
MOGP_GENERATIONAL,33abb30e-ec7b-11f0-a54b-6e001b3eef54,Cooling,74,72,4.492990|3.000000,1.9885659217834473,3.0,4.670046|3.000000,4.492990|3.000000,4.670046|3.000000,3,90649542656.000000,N/A,5
MOGP_GENERATIONAL,33abb30e-ec7b-11f0-a54b-6e001b3eef54,Cooling,74,73,4.492990|3.000000,1.8557419776916504,3.0,4.670046|3.000000,4.492990|3.000000,4.670046|3.000000,3,82634194944.000000,N/A,5
MOGP_GENERATIONAL,33abb30e-ec7b-11f0-a54b-6e001b3eef54,Cooling,74,74,4.492990|3.000000,1.9146149158477783,3.0,4.670046|3.000000,4.492990|3.000000,4.670046|3.000000,3,115764477952.000000,N/A,5
MOGP_GENERATIONAL,33abb30e-ec7b-11f0-a54b-6e001b3eef54,Cooling,74,75,4.492990|3.000000,1.9066100120544434,3.0,4.670046|3.000000,4.492990|3.000000,4.670046|3.000000,3,57131982848.000000,N/A,5
MOGP_GENERATIONAL,33abb30e-ec7b-11f0-a54b-6e001b3eef54,Cooling,74,76,4.492990|3.000000,1.9044098854064941,3.0,4.670046|3.000000,4.492990|3.000000,4.670046|3.000000,3,64728350720.000000,N/A,5
MOGP_GENERATIONAL,33abb30e-ec7b-11f0-a54b-6e001b3eef54,Cooling,74,77,4.492990|3.000000,1.9001116752624512,3.0,4.670046|3.000000,4.492990|3.000000,4.670046|3.000000,3,141716701184.000000,N/A,5
MOGP_GENERATIONAL,33abb30e-ec7b-11f0-a54b-6e001b3eef54,Cooling,74,78,4.492990|3.000000,1.864084005355835,3.0,4.670046|3.000000,4.492990|3.000000,4.670046|3.000000,3,56231247872.000000,N/A,5
MOGP_GENERATIONAL,33abb30e-ec7b-11f0-a54b-6e001b3eef54,Cooling,74,79,4.492990|3.000000,1.8674061298370361,3.0,4.670046|3.000000,4.492990|3.000000,4.670046|3.000000,3,110249730048.000000,N/A,5
MOGP_GENERATIONAL,33abb30e-ec7b-11f0-a54b-6e001b3eef54,Cooling,74,80,4.492990|3.000000,1.9148962497711182,3.0,4.670046|3.000000,4.492990|3.000000,4.670046|3.000000,3,137784803328.000000,N/A,5
MOGP_GENERATIONAL,33abb30e-ec7b-11f0-a54b-6e001b3eef54,Cooling,74,81,4.492990|3.000000,1.9752881526947021,3.0,4.670046|3.000000,4.492990|3.000000,4.670046|3.000000,3,88648531968.000000,N/A,5
MOGP_GENERATIONAL,33abb30e-ec7b-11f0-a54b-6e001b3eef54,Cooling,74,82,4.492990|3.000000,1.9866290092468262,3.0,4.670046|3.000000,4.492990|3.000000,4.670046|3.000000,3,96374431744.000000,N/A,5
MOGP_GENERATIONAL,33abb30e-ec7b-11f0-a54b-6e001b3eef54,Cooling,74,83,4.492990|3.000000,1.9311511516571045,3.0,4.670046|3.000000,4.492990|3.000000,4.670046|3.000000,3,111119261696.000000,N/A,5
MOGP_GENERATIONAL,33abb30e-ec7b-11f0-a54b-6e001b3eef54,Cooling,74,84,4.492990|3.000000,1.9159059524536133,3.0,4.670046|3.000000,4.492990|3.000000,4.670046|3.000000,3,117857837056.000000,N/A,5
MOGP_GENERATIONAL,33abb30e-ec7b-11f0-a54b-6e001b3eef54,Cooling,74,85,4.492990|3.000000,2.0708038806915283,3.0,4.670046|3.000000,4.492990|3.000000,4.670046|3.000000,3,94007508992.000000,N/A,5
MOGP_GENERATIONAL,33abb30e-ec7b-11f0-a54b-6e001b3eef54,Cooling,74,86,4.492990|3.000000,1.927628993988037,3.0,4.670046|3.000000,4.492990|3.000000,4.670046|3.000000,3,49937195008.000000,N/A,5
MOGP_GENERATIONAL,33abb30e-ec7b-11f0-a54b-6e001b3eef54,Cooling,74,87,4.492990|3.000000,2.0450830459594727,3.0,4.670046|3.000000,4.492990|3.000000,4.670046|3.000000,3,114089287680.000000,N/A,5
MOGP_GENERATIONAL,33abb30e-ec7b-11f0-a54b-6e001b3eef54,Cooling,74,88,4.492990|3.000000,2.103187084197998,3.0,4.670046|3.000000,4.492990|3.000000,4.670046|3.000000,3,86277185536.000000,N/A,5
MOGP_GENERATIONAL,33abb30e-ec7b-11f0-a54b-6e001b3eef54,Cooling,74,89,4.492990|3.000000,1.9886529445648193,3.0,4.670046|3.000000,4.492990|3.000000,4.670046|3.000000,3,108317360128.000000,N/A,5
MOGP_GENERATIONAL,33abb30e-ec7b-11f0-a54b-6e001b3eef54,Cooling,74,90,4.492990|3.000000,1.9924468994140625,3.0,4.670046|3.000000,4.492990|3.000000,4.670046|3.000000,3,70533595136.000000,N/A,5
MOGP_GENERATIONAL,33abb30e-ec7b-11f0-a54b-6e001b3eef54,Cooling,74,91,4.492990|3.000000,1.9839699268341064,3.0,4.670046|3.000000,4.492990|3.000000,4.670046|3.000000,3,81809088512.000000,N/A,5
MOGP_GENERATIONAL,33abb30e-ec7b-11f0-a54b-6e001b3eef54,Cooling,74,92,4.492990|3.000000,2.035076141357422,3.0,4.670046|3.000000,4.492990|3.000000,4.670046|3.000000,3,80157417472.000000,N/A,5
MOGP_GENERATIONAL,33abb30e-ec7b-11f0-a54b-6e001b3eef54,Cooling,74,93,4.492990|3.000000,1.9009630680084229,3.0,4.670046|3.000000,4.492990|3.000000,4.670046|3.000000,3,11803319296.000000,N/A,5
MOGP_GENERATIONAL,33abb30e-ec7b-11f0-a54b-6e001b3eef54,Cooling,74,94,4.492990|3.000000,2.0349209308624268,3.0,4.670046|3.000000,4.492990|3.000000,4.670046|3.000000,3,49937465344.000000,N/A,5
MOGP_GENERATIONAL,33abb30e-ec7b-11f0-a54b-6e001b3eef54,Cooling,74,95,4.492990|3.000000,1.9883899688720703,3.0,4.670046|3.000000,4.492990|3.000000,4.670046|3.000000,3,111868575744.000000,N/A,5
MOGP_GENERATIONAL,33abb30e-ec7b-11f0-a54b-6e001b3eef54,Cooling,74,96,4.492990|3.000000,1.940429925918579,3.0,4.670046|3.000000,4.492990|3.000000,4.670046|3.000000,3,92846153728.000000,N/A,5
MOGP_GENERATIONAL,33abb30e-ec7b-11f0-a54b-6e001b3eef54,Cooling,74,97,4.492990|3.000000,1.9620778560638428,3.0,4.670046|3.000000,4.492990|3.000000,4.670046|3.000000,3,51500728320.000000,N/A,5
MOGP_GENERATIONAL,33abb30e-ec7b-11f0-a54b-6e001b3eef54,Cooling,74,98,4.492990|3.000000,1.9848098754882812,3.0,4.670046|3.000000,4.492990|3.000000,4.670046|3.000000,3,118926352384.000000,N/A,5
MOGP_GENERATIONAL,33abb30e-ec7b-11f0-a54b-6e001b3eef54,Cooling,74,99,4.492990|3.000000,2.1846349239349365,3.0,4.670046|3.000000,4.492990|3.000000,4.670046|3.000000,3,79478931456.000000,N/A,5
MOGP_GENERATIONAL,33abb30e-ec7b-11f0-a54b-6e001b3eef54,Cooling,74,100,4.492990|3.000000,2.024907112121582,3.0,4.670046|3.000000,4.492990|3.000000,4.670046|3.000000,3,111950381056.000000,N/A,5
MOGP_GENERATIONAL,33abb30e-ec7b-11f0-a54b-6e001b3eef54,Cooling,74,101,4.492990|3.000000,1.9855518341064453,3.0,4.670046|3.000000,4.492990|3.000000,4.670046|3.000000,3,75679.164062,N/A,5
MOGP_GENERATIONAL,33abb30e-ec7b-11f0-a54b-6e001b3eef54,Cooling,74,102,4.492990|3.000000,2.022447109222412,3.0,4.670046|3.000000,4.492990|3.000000,4.670046|3.000000,3,99961741312.000000,N/A,5
MOGP_GENERATIONAL,33abb30e-ec7b-11f0-a54b-6e001b3eef54,Cooling,74,103,4.492990|3.000000,2.020145893096924,3.0,4.670046|3.000000,4.492990|3.000000,4.670046|3.000000,3,68866686976.000000,N/A,5
MOGP_GENERATIONAL,33abb30e-ec7b-11f0-a54b-6e001b3eef54,Cooling,74,104,4.492990|3.000000,2.020244836807251,3.0,4.670046|3.000000,4.492990|3.000000,4.670046|3.000000,3,101415723008.000000,N/A,5
MOGP_GENERATIONAL,33abb30e-ec7b-11f0-a54b-6e001b3eef54,Cooling,74,105,4.492990|3.000000,2.030529022216797,3.0,4.670046|3.000000,4.492990|3.000000,4.670046|3.000000,3,73522176000.000000,N/A,5
MOGP_GENERATIONAL,33abb30e-ec7b-11f0-a54b-6e001b3eef54,Cooling,74,106,4.492990|3.000000,1.9770147800445557,3.0,4.670046|3.000000,4.492990|3.000000,4.670046|3.000000,3,112029556736.000000,N/A,5
MOGP_GENERATIONAL,33abb30e-ec7b-11f0-a54b-6e001b3eef54,Cooling,74,107,4.492990|3.000000,1.9427721500396729,3.0,4.670046|3.000000,4.492990|3.000000,4.670046|3.000000,3,58270216192.000000,N/A,5
MOGP_GENERATIONAL,33abb30e-ec7b-11f0-a54b-6e001b3eef54,Cooling,74,108,4.492990|3.000000,2.031813859939575,3.0,4.670046|3.000000,4.492990|3.000000,4.670046|3.000000,3,88762867712.000000,N/A,5
MOGP_GENERATIONAL,33abb30e-ec7b-11f0-a54b-6e001b3eef54,Cooling,74,109,4.492990|3.000000,1.9915802478790283,3.0,4.670046|3.000000,4.492990|3.000000,4.670046|3.000000,3,103775174656.000000,N/A,5
MOGP_GENERATIONAL,33abb30e-ec7b-11f0-a54b-6e001b3eef54,Cooling,74,110,4.492990|3.000000,1.9539172649383545,3.0,4.670046|3.000000,4.492990|3.000000,4.670046|3.000000,3,96071729152.000000,N/A,5
MOGP_GENERATIONAL,33abb30e-ec7b-11f0-a54b-6e001b3eef54,Cooling,74,111,4.492990|3.000000,1.9748551845550537,3.0,4.670046|3.000000,4.492990|3.000000,4.670046|3.000000,3,118399000576.000000,N/A,5
MOGP_GENERATIONAL,33abb30e-ec7b-11f0-a54b-6e001b3eef54,Cooling,74,112,4.492990|3.000000,2.001293897628784,3.0,4.670046|3.000000,4.492990|3.000000,4.670046|3.000000,3,130315051008.000000,N/A,5
MOGP_GENERATIONAL,33abb30e-ec7b-11f0-a54b-6e001b3eef54,Cooling,74,113,4.492990|3.000000,1.9819378852844238,3.0,4.670046|3.000000,4.492990|3.000000,4.670046|3.000000,3,87476174848.000000,N/A,5
MOGP_GENERATIONAL,33abb30e-ec7b-11f0-a54b-6e001b3eef54,Cooling,74,114,4.492990|3.000000,2.069577932357788,3.0,4.670046|3.000000,4.492990|3.000000,4.670046|3.000000,3,85470126080.000000,N/A,5
MOGP_GENERATIONAL,33abb30e-ec7b-11f0-a54b-6e001b3eef54,Cooling,74,115,4.492990|3.000000,2.044797897338867,3.0,4.670046|3.000000,4.492990|3.000000,4.670046|3.000000,3,79509577728.000000,N/A,5
MOGP_GENERATIONAL,33abb30e-ec7b-11f0-a54b-6e001b3eef54,Cooling,74,116,4.492990|3.000000,2.0023539066314697,3.0,4.670046|3.000000,4.492990|3.000000,4.670046|3.000000,3,156725424.000000,N/A,5
MOGP_GENERATIONAL,33abb30e-ec7b-11f0-a54b-6e001b3eef54,Cooling,74,117,4.492990|3.000000,2.0548880100250244,3.0,4.670046|3.000000,4.492990|3.000000,4.670046|3.000000,3,98785427456.000000,N/A,5
MOGP_GENERATIONAL,33abb30e-ec7b-11f0-a54b-6e001b3eef54,Cooling,74,118,4.492990|3.000000,1.9570021629333496,3.0,4.670046|3.000000,4.492990|3.000000,4.670046|3.000000,3,98494488576.000000,N/A,5
MOGP_GENERATIONAL,33abb30e-ec7b-11f0-a54b-6e001b3eef54,Cooling,74,119,4.492990|3.000000,2.0212788581848145,3.0,4.670046|3.000000,4.492990|3.000000,4.670046|3.000000,3,88208900096.000000,N/A,5
MOGP_GENERATIONAL,33abb30e-ec7b-11f0-a54b-6e001b3eef54,Cooling,74,120,4.492990|3.000000,1.9957630634307861,3.0,4.670046|3.000000,4.492990|3.000000,4.670046|3.000000,3,107636850688.000000,N/A,5
MOGP_GENERATIONAL,33abb30e-ec7b-11f0-a54b-6e001b3eef54,Cooling,74,121,4.492990|3.000000,2.0009188652038574,3.0,4.670046|3.000000,4.492990|3.000000,4.670046|3.000000,3,21217581056.000000,N/A,5
MOGP_GENERATIONAL,33abb30e-ec7b-11f0-a54b-6e001b3eef54,Cooling,74,122,4.492990|3.000000,1.9589738845825195,3.0,4.670046|3.000000,4.492990|3.000000,4.670046|3.000000,3,90545479680.000000,N/A,5
MOGP_GENERATIONAL,33abb30e-ec7b-11f0-a54b-6e001b3eef54,Cooling,74,123,4.492990|3.000000,1.9610490798950195,3.0,4.670046|3.000000,4.492990|3.000000,4.670046|3.000000,3,148050771968.000000,N/A,5
MOGP_GENERATIONAL,33abb30e-ec7b-11f0-a54b-6e001b3eef54,Cooling,74,124,4.492990|3.000000,2.006187915802002,3.0,4.670046|3.000000,4.492990|3.000000,4.670046|3.000000,3,99518799872.000000,N/A,5
MOGP_GENERATIONAL,33abb30e-ec7b-11f0-a54b-6e001b3eef54,Cooling,74,125,4.492990|3.000000,1.9276950359344482,3.0,4.670046|3.000000,4.492990|3.000000,4.670046|3.000000,3,124529786880.000000,N/A,5
MOGP_GENERATIONAL,33abb30e-ec7b-11f0-a54b-6e001b3eef54,Cooling,74,126,4.492990|3.000000,2.000850200653076,3.0,4.670046|3.000000,4.492990|3.000000,4.670046|3.000000,3,82662170624.000000,N/A,5
MOGP_GENERATIONAL,33abb30e-ec7b-11f0-a54b-6e001b3eef54,Cooling,74,127,4.492990|3.000000,1.9955682754516602,3.0,4.670046|3.000000,4.492990|3.000000,4.670046|3.000000,3,50740539392.000000,N/A,5
MOGP_GENERATIONAL,33abb30e-ec7b-11f0-a54b-6e001b3eef54,Cooling,74,128,4.492990|3.000000,2.1781418323516846,3.0,4.670046|3.000000,4.492990|3.000000,4.670046|3.000000,3,87849197568.000000,N/A,5
MOGP_GENERATIONAL,33abb30e-ec7b-11f0-a54b-6e001b3eef54,Cooling,74,129,4.492990|3.000000,1.9716260433197021,3.0,4.670046|3.000000,4.492990|3.000000,4.670046|3.000000,3,70533095424.000000,N/A,5
MOGP_GENERATIONAL,33abb30e-ec7b-11f0-a54b-6e001b3eef54,Cooling,74,130,4.492990|3.000000,1.944962739944458,3.0,4.670046|3.000000,4.492990|3.000000,4.670046|3.000000,3,115891798016.000000,N/A,5
MOGP_GENERATIONAL,33abb30e-ec7b-11f0-a54b-6e001b3eef54,Cooling,74,131,4.492990|3.000000,1.8578412532806396,3.0,4.670046|3.000000,4.492990|3.000000,4.670046|3.000000,3,81849532416.000000,N/A,5
MOGP_GENERATIONAL,33abb30e-ec7b-11f0-a54b-6e001b3eef54,Cooling,74,132,4.492990|3.000000,1.9502651691436768,3.0,4.670046|3.000000,4.492990|3.000000,4.670046|3.000000,3,78834622464.000000,N/A,5
MOGP_GENERATIONAL,33abb30e-ec7b-11f0-a54b-6e001b3eef54,Cooling,74,133,4.492990|3.000000,2.002295970916748,3.0,4.670046|3.000000,4.492990|3.000000,4.670046|3.000000,3,70047907840.000000,N/A,5
MOGP_GENERATIONAL,33abb30e-ec7b-11f0-a54b-6e001b3eef54,Cooling,74,134,4.492990|3.000000,1.9728620052337646,3.0,4.670046|3.000000,4.492990|3.000000,4.670046|3.000000,3,80696909824.000000,N/A,5
MOGP_GENERATIONAL,33abb30e-ec7b-11f0-a54b-6e001b3eef54,Cooling,74,135,4.492990|3.000000,1.8483400344848633,3.0,4.670046|3.000000,4.492990|3.000000,4.670046|3.000000,3,106587267072.000000,N/A,5
MOGP_GENERATIONAL,33abb30e-ec7b-11f0-a54b-6e001b3eef54,Cooling,74,136,4.492990|3.000000,1.8209221363067627,3.0,4.670046|3.000000,4.492990|3.000000,4.670046|3.000000,3,91693318144.000000,N/A,5
MOGP_GENERATIONAL,33abb30e-ec7b-11f0-a54b-6e001b3eef54,Cooling,74,137,4.492990|3.000000,1.981384038925171,3.0,4.670046|3.000000,4.492990|3.000000,4.670046|3.000000,3,95639732224.000000,N/A,5
MOGP_GENERATIONAL,33abb30e-ec7b-11f0-a54b-6e001b3eef54,Cooling,74,138,4.492990|3.000000,1.9750618934631348,3.0,4.670046|3.000000,4.492990|3.000000,4.670046|3.000000,3,99498819584.000000,N/A,5
MOGP_GENERATIONAL,33abb30e-ec7b-11f0-a54b-6e001b3eef54,Cooling,74,139,4.492990|3.000000,2.0181686878204346,3.0,4.670046|3.000000,4.492990|3.000000,4.670046|3.000000,3,87154401280.000000,N/A,5
MOGP_GENERATIONAL,33abb30e-ec7b-11f0-a54b-6e001b3eef54,Cooling,74,140,4.492990|3.000000,1.8959779739379883,3.0,4.670046|3.000000,4.492990|3.000000,4.670046|3.000000,3,98343649280.000000,N/A,5
MOGP_GENERATIONAL,33abb30e-ec7b-11f0-a54b-6e001b3eef54,Cooling,74,141,4.492990|3.000000,1.940290927886963,3.0,4.670046|3.000000,4.492990|3.000000,4.670046|3.000000,3,62047485952.000000,N/A,5
MOGP_GENERATIONAL,33abb30e-ec7b-11f0-a54b-6e001b3eef54,Cooling,74,142,4.492990|3.000000,1.9162652492523193,3.0,4.670046|3.000000,4.492990|3.000000,4.670046|3.000000,3,100265934848.000000,N/A,5
MOGP_GENERATIONAL,33abb30e-ec7b-11f0-a54b-6e001b3eef54,Cooling,74,143,4.492990|3.000000,1.8665928840637207,3.0,4.670046|3.000000,4.492990|3.000000,4.670046|3.000000,3,108275974144.000000,N/A,5
MOGP_GENERATIONAL,33abb30e-ec7b-11f0-a54b-6e001b3eef54,Cooling,74,144,4.492990|3.000000,1.8314158916473389,3.0,4.670046|3.000000,4.492990|3.000000,4.670046|3.000000,3,79563104256.000000,N/A,5
MOGP_GENERATIONAL,33abb30e-ec7b-11f0-a54b-6e001b3eef54,Cooling,74,145,4.492990|3.000000,1.8917410373687744,3.0,4.670046|3.000000,4.492990|3.000000,4.670046|3.000000,3,101683527680.000000,N/A,5
MOGP_GENERATIONAL,33abb30e-ec7b-11f0-a54b-6e001b3eef54,Cooling,74,146,4.492990|3.000000,1.8069350719451904,3.0,4.670046|3.000000,4.492990|3.000000,4.670046|3.000000,3,82034425856.000000,N/A,5
MOGP_GENERATIONAL,33abb30e-ec7b-11f0-a54b-6e001b3eef54,Cooling,74,147,4.492990|3.000000,1.7989838123321533,3.0,4.670046|3.000000,4.492990|3.000000,4.670046|3.000000,3,96369917952.000000,N/A,5
MOGP_GENERATIONAL,33abb30e-ec7b-11f0-a54b-6e001b3eef54,Cooling,74,148,4.492990|3.000000,1.7905511856079102,3.0,4.670046|3.000000,4.492990|3.000000,4.670046|3.000000,3,82640035840.000000,N/A,5
MOGP_GENERATIONAL,33abb30e-ec7b-11f0-a54b-6e001b3eef54,Cooling,74,149,4.492990|3.000000,1.8858518600463867,3.0,4.670046|3.000000,4.492990|3.000000,4.670046|3.000000,3,116202864640.000000,N/A,5
MOGP_GENERATIONAL,33abb30e-ec7b-11f0-a54b-6e001b3eef54,Cooling,74,150,4.492990|3.000000,1.8202660083770752,3.0,4.670046|3.000000,4.492990|3.000000,4.670046|3.000000,3,50001534976.000000,N/A,5
MOGP_GENERATIONAL,33abb30e-ec7b-11f0-a54b-6e001b3eef54,Cooling,74,151,4.492990|3.000000,1.8610320091247559,3.0,4.670046|3.000000,4.492990|3.000000,4.670046|3.000000,3,82165121024.000000,N/A,5
MOGP_GENERATIONAL,33abb30e-ec7b-11f0-a54b-6e001b3eef54,Cooling,74,152,4.492990|3.000000,1.7902610301971436,3.0,4.670046|3.000000,4.492990|3.000000,4.670046|3.000000,3,96394133504.000000,N/A,5
MOGP_GENERATIONAL,33abb30e-ec7b-11f0-a54b-6e001b3eef54,Cooling,74,153,4.492990|3.000000,1.798426866531372,3.0,4.670046|3.000000,4.492990|3.000000,4.670046|3.000000,3,89311887360.000000,N/A,5
MOGP_GENERATIONAL,33abb30e-ec7b-11f0-a54b-6e001b3eef54,Cooling,74,154,4.492990|3.000000,1.9000141620635986,3.0,4.670046|3.000000,4.492990|3.000000,4.670046|3.000000,3,85191262208.000000,N/A,5
MOGP_GENERATIONAL,33abb30e-ec7b-11f0-a54b-6e001b3eef54,Cooling,74,155,4.492990|3.000000,1.8897919654846191,3.0,4.670046|3.000000,4.492990|3.000000,4.670046|3.000000,3,123473829888.000000,N/A,5
MOGP_GENERATIONAL,33abb30e-ec7b-11f0-a54b-6e001b3eef54,Cooling,74,156,4.492990|3.000000,1.8669180870056152,3.0,4.670046|3.000000,4.492990|3.000000,4.670046|3.000000,3,122908401664.000000,N/A,5
MOGP_GENERATIONAL,33abb30e-ec7b-11f0-a54b-6e001b3eef54,Cooling,74,157,4.492990|3.000000,1.9073150157928467,3.0,4.670046|3.000000,4.492990|3.000000,4.670046|3.000000,3,100437647360.000000,N/A,5
MOGP_GENERATIONAL,33abb30e-ec7b-11f0-a54b-6e001b3eef54,Cooling,74,158,4.492990|3.000000,1.8558268547058105,3.0,4.670046|3.000000,4.492990|3.000000,4.670046|3.000000,3,82557566976.000000,N/A,5
MOGP_GENERATIONAL,33abb30e-ec7b-11f0-a54b-6e001b3eef54,Cooling,74,159,4.492990|3.000000,1.9383299350738525,3.0,4.670046|3.000000,4.492990|3.000000,4.670046|3.000000,3,111119261696.000000,N/A,5
MOGP_GENERATIONAL,33abb30e-ec7b-11f0-a54b-6e001b3eef54,Cooling,74,160,4.492990|3.000000,1.8867082595825195,3.0,4.670046|3.000000,4.492990|3.000000,4.670046|3.000000,3,86277177344.000000,N/A,5
MOGP_GENERATIONAL,33abb30e-ec7b-11f0-a54b-6e001b3eef54,Cooling,74,161,4.492990|3.000000,1.8716719150543213,3.0,4.670046|3.000000,4.492990|3.000000,4.670046|3.000000,3,99498754048.000000,N/A,5
MOGP_GENERATIONAL,33abb30e-ec7b-11f0-a54b-6e001b3eef54,Cooling,74,162,4.492990|3.000000,1.814192295074463,3.0,4.670046|3.000000,4.492990|3.000000,4.670046|3.000000,3,88805056512.000000,N/A,5
MOGP_GENERATIONAL,33abb30e-ec7b-11f0-a54b-6e001b3eef54,Cooling,74,163,4.492990|3.000000,1.9007978439331055,3.0,4.670046|3.000000,4.492990|3.000000,4.670046|3.000000,3,111100968960.000000,N/A,5
MOGP_GENERATIONAL,33abb30e-ec7b-11f0-a54b-6e001b3eef54,Cooling,74,164,4.492990|3.000000,1.9302420616149902,3.0,4.670046|3.000000,4.492990|3.000000,4.670046|3.000000,3,95229886464.000000,N/A,5
MOGP_GENERATIONAL,33abb30e-ec7b-11f0-a54b-6e001b3eef54,Cooling,74,165,4.492990|3.000000,1.9424822330474854,3.0,4.670046|3.000000,4.492990|3.000000,4.670046|3.000000,3,92096634880.000000,N/A,5
MOGP_GENERATIONAL,33abb30e-ec7b-11f0-a54b-6e001b3eef54,Cooling,74,166,4.492990|3.000000,1.9137730598449707,3.0,4.670046|3.000000,4.492990|3.000000,4.670046|3.000000,3,105457836032.000000,N/A,5
MOGP_GENERATIONAL,33abb30e-ec7b-11f0-a54b-6e001b3eef54,Cooling,74,167,4.492990|3.000000,1.96980619430542,3.0,4.670046|3.000000,4.492990|3.000000,4.670046|3.000000,3,131124920320.000000,N/A,5
MOGP_GENERATIONAL,33abb30e-ec7b-11f0-a54b-6e001b3eef54,Cooling,74,168,4.492990|3.000000,1.946993112564087,3.0,4.670046|3.000000,4.492990|3.000000,4.670046|3.000000,3,88450129920.000000,N/A,5
MOGP_GENERATIONAL,33abb30e-ec7b-11f0-a54b-6e001b3eef54,Cooling,74,169,4.492990|3.000000,2.134129047393799,3.0,4.670046|3.000000,4.492990|3.000000,4.670046|3.000000,3,48522514432.000000,N/A,5
MOGP_GENERATIONAL,33abb30e-ec7b-11f0-a54b-6e001b3eef54,Cooling,74,170,4.492990|3.000000,1.9511480331420898,3.0,4.670046|3.000000,4.492990|3.000000,4.670046|3.000000,3,78337835008.000000,N/A,5
MOGP_GENERATIONAL,33abb30e-ec7b-11f0-a54b-6e001b3eef54,Cooling,74,171,4.492990|3.000000,2.0268900394439697,3.0,4.670046|3.000000,4.492990|3.000000,4.670046|3.000000,3,61822902272.000000,N/A,5
MOGP_GENERATIONAL,33abb30e-ec7b-11f0-a54b-6e001b3eef54,Cooling,74,172,4.492990|3.000000,1.938650131225586,3.0,4.670046|3.000000,4.492990|3.000000,4.670046|3.000000,3,106756079616.000000,N/A,5
MOGP_GENERATIONAL,33abb30e-ec7b-11f0-a54b-6e001b3eef54,Cooling,74,173,4.492990|3.000000,1.966933012008667,3.0,4.670046|3.000000,4.492990|3.000000,4.670046|3.000000,3,88720515072.000000,N/A,5
MOGP_GENERATIONAL,33abb30e-ec7b-11f0-a54b-6e001b3eef54,Cooling,74,174,4.492990|3.000000,1.8845150470733643,3.0,4.670046|3.000000,4.492990|3.000000,4.670046|3.000000,3,131121389568.000000,N/A,5
MOGP_GENERATIONAL,33abb30e-ec7b-11f0-a54b-6e001b3eef54,Cooling,74,175,4.492990|3.000000,1.9130029678344727,3.0,4.670046|3.000000,4.492990|3.000000,4.670046|3.000000,3,80284868608.000000,N/A,5
MOGP_GENERATIONAL,33abb30e-ec7b-11f0-a54b-6e001b3eef54,Cooling,74,176,4.492990|3.000000,1.9107768535614014,3.0,4.670046|3.000000,4.492990|3.000000,4.670046|3.000000,3,107758886912.000000,N/A,5
MOGP_GENERATIONAL,33abb30e-ec7b-11f0-a54b-6e001b3eef54,Cooling,74,177,4.492990|3.000000,1.8679008483886719,3.0,4.670046|3.000000,4.492990|3.000000,4.670046|3.000000,3,99498508288.000000,N/A,5
MOGP_GENERATIONAL,33abb30e-ec7b-11f0-a54b-6e001b3eef54,Cooling,74,178,4.492990|3.000000,1.9175610542297363,3.0,4.670046|3.000000,4.492990|3.000000,4.670046|3.000000,3,30963992576.000000,N/A,5
MOGP_GENERATIONAL,33abb30e-ec7b-11f0-a54b-6e001b3eef54,Cooling,74,179,4.492990|3.000000,2.0181877613067627,3.0,4.670046|3.000000,4.492990|3.000000,4.670046|3.000000,3,127556083712.000000,N/A,5
MOGP_GENERATIONAL,33abb30e-ec7b-11f0-a54b-6e001b3eef54,Cooling,74,180,4.492990|3.000000,1.9160399436950684,3.0,4.670046|3.000000,4.492990|3.000000,4.670046|3.000000,3,116442152960.000000,N/A,5
MOGP_GENERATIONAL,33abb30e-ec7b-11f0-a54b-6e001b3eef54,Cooling,74,181,4.492990|3.000000,1.947427749633789,3.0,4.670046|3.000000,4.492990|3.000000,4.670046|3.000000,3,101885419520.000000,N/A,5
MOGP_GENERATIONAL,33abb30e-ec7b-11f0-a54b-6e001b3eef54,Cooling,74,182,4.492990|3.000000,1.8941481113433838,3.0,4.670046|3.000000,4.492990|3.000000,4.670046|3.000000,3,75746631680.000000,N/A,5
MOGP_GENERATIONAL,33abb30e-ec7b-11f0-a54b-6e001b3eef54,Cooling,74,183,4.492990|3.000000,1.9014861583709717,3.0,4.670046|3.000000,4.492990|3.000000,4.670046|3.000000,3,97137475584.000000,N/A,5
MOGP_GENERATIONAL,33abb30e-ec7b-11f0-a54b-6e001b3eef54,Cooling,74,184,4.492990|3.000000,1.9651799201965332,3.0,4.670046|3.000000,4.492990|3.000000,4.670046|3.000000,3,78728462336.000000,N/A,5
MOGP_GENERATIONAL,33abb30e-ec7b-11f0-a54b-6e001b3eef54,Cooling,74,185,4.492990|3.000000,1.9100511074066162,3.0,4.670046|3.000000,4.492990|3.000000,4.670046|3.000000,3,98097881088.000000,N/A,5
MOGP_GENERATIONAL,33abb30e-ec7b-11f0-a54b-6e001b3eef54,Cooling,74,186,4.492990|3.000000,1.9953179359436035,3.0,4.670046|3.000000,4.492990|3.000000,4.670046|3.000000,3,49936998400.000000,N/A,5
MOGP_GENERATIONAL,33abb30e-ec7b-11f0-a54b-6e001b3eef54,Cooling,74,187,4.492990|3.000000,1.9295659065246582,3.0,4.670046|3.000000,4.492990|3.000000,4.670046|3.000000,3,91530728.000000,N/A,5
MOGP_GENERATIONAL,33abb30e-ec7b-11f0-a54b-6e001b3eef54,Cooling,74,188,4.492990|3.000000,2.0197970867156982,3.0,4.670046|3.000000,4.492990|3.000000,4.670046|3.000000,3,49937170432.000000,N/A,5
MOGP_GENERATIONAL,33abb30e-ec7b-11f0-a54b-6e001b3eef54,Cooling,74,189,4.492990|3.000000,2.0021519660949707,3.0,4.670046|3.000000,4.492990|3.000000,4.670046|3.000000,3,102992461824.000000,N/A,5
MOGP_GENERATIONAL,33abb30e-ec7b-11f0-a54b-6e001b3eef54,Cooling,74,190,4.492990|3.000000,2.0623350143432617,3.0,4.670046|3.000000,4.492990|3.000000,4.670046|3.000000,3,108914712576.000000,N/A,5
MOGP_GENERATIONAL,33abb30e-ec7b-11f0-a54b-6e001b3eef54,Cooling,74,191,4.492990|3.000000,2.0327157974243164,3.0,4.670046|3.000000,4.492990|3.000000,4.670046|3.000000,3,122014482432.000000,N/A,5
MOGP_GENERATIONAL,33abb30e-ec7b-11f0-a54b-6e001b3eef54,Cooling,74,192,4.492990|3.000000,1.9808061122894287,3.0,4.670046|3.000000,4.492990|3.000000,4.670046|3.000000,3,120414158848.000000,N/A,5
MOGP_GENERATIONAL,33abb30e-ec7b-11f0-a54b-6e001b3eef54,Cooling,74,193,4.492990|3.000000,1.9594531059265137,3.0,4.670046|3.000000,4.492990|3.000000,4.670046|3.000000,3,112022708224.000000,N/A,5
MOGP_GENERATIONAL,33abb30e-ec7b-11f0-a54b-6e001b3eef54,Cooling,74,194,4.492990|3.000000,2.0000410079956055,3.0,4.670046|3.000000,4.492990|3.000000,4.670046|3.000000,3,48522522624.000000,N/A,5
MOGP_GENERATIONAL,33abb30e-ec7b-11f0-a54b-6e001b3eef54,Cooling,74,195,4.492990|3.000000,2.021475076675415,3.0,4.670046|3.000000,4.492990|3.000000,4.670046|3.000000,3,5079941.000000,N/A,5
MOGP_GENERATIONAL,33abb30e-ec7b-11f0-a54b-6e001b3eef54,Cooling,74,196,4.492990|3.000000,1.9812839031219482,3.0,4.670046|3.000000,4.492990|3.000000,4.670046|3.000000,3,109007650816.000000,N/A,5
MOGP_GENERATIONAL,33abb30e-ec7b-11f0-a54b-6e001b3eef54,Cooling,74,197,4.492990|3.000000,1.965592861175537,3.0,4.670046|3.000000,4.492990|3.000000,4.670046|3.000000,3,102419906560.000000,N/A,5
MOGP_GENERATIONAL,33abb30e-ec7b-11f0-a54b-6e001b3eef54,Cooling,74,198,4.492990|3.000000,1.969547986984253,3.0,4.670046|3.000000,4.492990|3.000000,4.670046|3.000000,3,66254012416.000000,N/A,5
MOGP_GENERATIONAL,33abb30e-ec7b-11f0-a54b-6e001b3eef54,Cooling,74,199,4.492990|3.000000,2.00361704826355,3.0,4.670046|3.000000,4.492990|3.000000,4.670046|3.000000,3,127918940160.000000,N/A,5
MOGP_GENERATIONAL,33abb30e-ec7b-11f0-a54b-6e001b3eef54,Cooling,74,200,4.492990|3.000000,1.9953417778015137,3.0,4.670046|3.000000,4.492990|3.000000,4.670046|3.000000,3,95603113984.000000,N/A,5
MOGP_GENERATIONAL,33abb30e-ec7b-11f0-a54b-6e001b3eef54,Cooling,74,201,4.492990|3.000000,2.070319890975952,3.0,4.670046|3.000000,4.492990|3.000000,4.670046|3.000000,3,74673397760.000000,N/A,5
MOGP_GENERATIONAL,33abb30e-ec7b-11f0-a54b-6e001b3eef54,Cooling,74,202,4.492990|3.000000,1.9557130336761475,3.0,4.670046|3.000000,4.492990|3.000000,4.670046|3.000000,3,57125269504.000000,N/A,5
MOGP_GENERATIONAL,33abb30e-ec7b-11f0-a54b-6e001b3eef54,Cooling,74,203,4.492990|3.000000,2.0088908672332764,3.0,4.670046|3.000000,4.492990|3.000000,4.670046|3.000000,3,111443353600.000000,N/A,5
MOGP_GENERATIONAL,33abb30e-ec7b-11f0-a54b-6e001b3eef54,Cooling,74,204,4.492990|3.000000,1.946601152420044,3.0,4.670046|3.000000,4.492990|3.000000,4.670046|3.000000,3,93087227904.000000,N/A,5
MOGP_GENERATIONAL,33abb30e-ec7b-11f0-a54b-6e001b3eef54,Cooling,74,205,4.492990|3.000000,2.008129119873047,3.0,4.670046|3.000000,4.492990|3.000000,4.670046|3.000000,3,100547796992.000000,N/A,5
MOGP_GENERATIONAL,33abb30e-ec7b-11f0-a54b-6e001b3eef54,Cooling,74,206,4.492990|3.000000,2.0076098442077637,3.0,4.670046|3.000000,4.492990|3.000000,4.670046|3.000000,3,102105473024.000000,N/A,5
MOGP_GENERATIONAL,33abb30e-ec7b-11f0-a54b-6e001b3eef54,Cooling,74,207,4.492990|3.000000,2.00378680229187,3.0,4.670046|3.000000,4.492990|3.000000,4.670046|3.000000,3,129088471040.000000,N/A,5
MOGP_GENERATIONAL,33abb30e-ec7b-11f0-a54b-6e001b3eef54,Cooling,74,208,4.492990|3.000000,1.951092004776001,3.0,4.670046|3.000000,4.492990|3.000000,4.670046|3.000000,3,79510274048.000000,N/A,5
MOGP_GENERATIONAL,33abb30e-ec7b-11f0-a54b-6e001b3eef54,Cooling,74,209,4.492990|3.000000,2.0423998832702637,3.0,4.670046|3.000000,4.492990|3.000000,4.670046|3.000000,3,112384720896.000000,N/A,5
MOGP_GENERATIONAL,33abb30e-ec7b-11f0-a54b-6e001b3eef54,Cooling,74,210,4.492990|3.000000,1.9732232093811035,3.0,4.670046|3.000000,4.492990|3.000000,4.670046|3.000000,3,78487035904.000000,N/A,5
MOGP_GENERATIONAL,33abb30e-ec7b-11f0-a54b-6e001b3eef54,Cooling,74,211,4.492990|3.000000,1.9466350078582764,3.0,4.670046|3.000000,4.492990|3.000000,4.670046|3.000000,3,82645180416.000000,N/A,5
MOGP_GENERATIONAL,33abb30e-ec7b-11f0-a54b-6e001b3eef54,Cooling,74,212,4.492990|3.000000,1.9483740329742432,3.0,4.670046|3.000000,4.492990|3.000000,4.670046|3.000000,3,99497984000.000000,N/A,5
MOGP_GENERATIONAL,33abb30e-ec7b-11f0-a54b-6e001b3eef54,Cooling,74,213,4.492990|3.000000,1.9502840042114258,3.0,4.670046|3.000000,4.492990|3.000000,4.670046|3.000000,3,86341992448.000000,N/A,5
MOGP_GENERATIONAL,33abb30e-ec7b-11f0-a54b-6e001b3eef54,Cooling,74,214,4.492990|3.000000,1.9129600524902344,3.0,4.670046|3.000000,4.492990|3.000000,4.670046|3.000000,3,92997582848.000000,N/A,5
MOGP_GENERATIONAL,33abb30e-ec7b-11f0-a54b-6e001b3eef54,Cooling,74,215,4.492990|3.000000,1.8824169635772705,3.0,4.670046|3.000000,4.492990|3.000000,4.670046|3.000000,3,122060226560.000000,N/A,5
MOGP_GENERATIONAL,33abb30e-ec7b-11f0-a54b-6e001b3eef54,Cooling,74,216,4.492990|3.000000,1.884091854095459,3.0,4.670046|3.000000,4.492990|3.000000,4.670046|3.000000,3,85763489792.000000,N/A,5
MOGP_GENERATIONAL,33abb30e-ec7b-11f0-a54b-6e001b3eef54,Cooling,74,217,4.492990|3.000000,1.7948811054229736,3.0,4.670046|3.000000,4.492990|3.000000,4.670046|3.000000,3,92982681600.000000,N/A,5
MOGP_GENERATIONAL,33abb30e-ec7b-11f0-a54b-6e001b3eef54,Cooling,74,218,4.492990|3.000000,1.893448829650879,3.0,4.670046|3.000000,4.492990|3.000000,4.670046|3.000000,3,97977933824.000000,N/A,5
MOGP_GENERATIONAL,33abb30e-ec7b-11f0-a54b-6e001b3eef54,Cooling,74,219,4.492990|3.000000,1.9412710666656494,3.0,4.670046|3.000000,4.492990|3.000000,4.670046|3.000000,3,88690188288.000000,N/A,5
MOGP_GENERATIONAL,33abb30e-ec7b-11f0-a54b-6e001b3eef54,Cooling,74,220,4.492990|3.000000,1.9052648544311523,3.0,4.670046|3.000000,4.492990|3.000000,4.670046|3.000000,3,98298568704.000000,N/A,5
MOGP_GENERATIONAL,33abb30e-ec7b-11f0-a54b-6e001b3eef54,Cooling,74,221,4.492990|3.000000,1.8456809520721436,3.0,4.670046|3.000000,4.492990|3.000000,4.670046|3.000000,3,69864505344.000000,N/A,5
MOGP_GENERATIONAL,33abb30e-ec7b-11f0-a54b-6e001b3eef54,Cooling,74,222,4.492990|3.000000,2.003793239593506,3.0,4.670046|3.000000,4.492990|3.000000,4.670046|3.000000,3,79027765248.000000,N/A,5
MOGP_GENERATIONAL,33abb30e-ec7b-11f0-a54b-6e001b3eef54,Cooling,74,223,4.492990|3.000000,1.9306609630584717,3.0,4.670046|3.000000,4.492990|3.000000,4.670046|3.000000,3,99498795008.000000,N/A,5
MOGP_GENERATIONAL,33abb30e-ec7b-11f0-a54b-6e001b3eef54,Cooling,74,224,4.492990|3.000000,1.9072809219360352,3.0,4.670046|3.000000,4.492990|3.000000,4.670046|3.000000,3,118980886528.000000,N/A,5
MOGP_GENERATIONAL,33abb30e-ec7b-11f0-a54b-6e001b3eef54,Cooling,74,225,4.492990|3.000000,2.0248451232910156,3.0,4.670046|3.000000,4.492990|3.000000,4.670046|3.000000,3,69566251008.000000,N/A,5
MOGP_GENERATIONAL,33abb30e-ec7b-11f0-a54b-6e001b3eef54,Cooling,74,226,4.492990|3.000000,1.9890470504760742,3.0,4.670046|3.000000,4.492990|3.000000,4.670046|3.000000,3,95137890304.000000,N/A,5
MOGP_GENERATIONAL,33abb30e-ec7b-11f0-a54b-6e001b3eef54,Cooling,74,227,4.492990|3.000000,1.9900071620941162,3.0,4.670046|3.000000,4.492990|3.000000,4.670046|3.000000,3,129141571584.000000,N/A,5
MOGP_GENERATIONAL,33abb30e-ec7b-11f0-a54b-6e001b3eef54,Cooling,74,228,4.492990|3.000000,1.9486360549926758,3.0,4.670046|3.000000,4.492990|3.000000,4.670046|3.000000,3,86276907008.000000,N/A,5
MOGP_GENERATIONAL,33abb30e-ec7b-11f0-a54b-6e001b3eef54,Cooling,74,229,4.492990|3.000000,1.896299123764038,3.0,4.670046|3.000000,4.492990|3.000000,4.670046|3.000000,3,109663846400.000000,N/A,5
MOGP_GENERATIONAL,33abb30e-ec7b-11f0-a54b-6e001b3eef54,Cooling,74,230,4.492990|3.000000,1.9724318981170654,3.0,4.670046|3.000000,4.492990|3.000000,4.670046|3.000000,3,105414860800.000000,N/A,5
MOGP_GENERATIONAL,33abb30e-ec7b-11f0-a54b-6e001b3eef54,Cooling,74,231,4.492990|3.000000,1.9213502407073975,3.0,4.670046|3.000000,4.492990|3.000000,4.670046|3.000000,3,91410980864.000000,N/A,5
MOGP_GENERATIONAL,33abb30e-ec7b-11f0-a54b-6e001b3eef54,Cooling,74,232,4.492990|3.000000,2.0246217250823975,3.0,4.670046|3.000000,4.492990|3.000000,4.670046|3.000000,3,100261715968.000000,N/A,5
MOGP_GENERATIONAL,33abb30e-ec7b-11f0-a54b-6e001b3eef54,Cooling,74,233,4.492990|3.000000,1.9823870658874512,3.0,4.670046|3.000000,4.492990|3.000000,4.670046|3.000000,3,96483278848.000000,N/A,5
MOGP_GENERATIONAL,33abb30e-ec7b-11f0-a54b-6e001b3eef54,Cooling,74,234,4.492990|3.000000,2.070387840270996,3.0,4.670046|3.000000,4.492990|3.000000,4.670046|3.000000,3,144537600000.000000,N/A,5
MOGP_GENERATIONAL,33abb30e-ec7b-11f0-a54b-6e001b3eef54,Cooling,74,235,4.492990|3.000000,1.9426751136779785,3.0,4.670046|3.000000,4.492990|3.000000,4.670046|3.000000,3,59414040576.000000,N/A,5
MOGP_GENERATIONAL,33abb30e-ec7b-11f0-a54b-6e001b3eef54,Cooling,74,236,4.492990|3.000000,2.067239999771118,3.0,4.670046|3.000000,4.492990|3.000000,4.670046|3.000000,3,109080444928.000000,N/A,5
MOGP_GENERATIONAL,33abb30e-ec7b-11f0-a54b-6e001b3eef54,Cooling,74,237,4.492990|3.000000,2.003066301345825,3.0,4.670046|3.000000,4.492990|3.000000,4.670046|3.000000,3,97474740224.000000,N/A,5
MOGP_GENERATIONAL,33abb30e-ec7b-11f0-a54b-6e001b3eef54,Cooling,74,238,4.492990|3.000000,1.9825899600982666,3.0,4.670046|3.000000,4.492990|3.000000,4.670046|3.000000,3,95082668032.000000,N/A,5
MOGP_GENERATIONAL,33abb30e-ec7b-11f0-a54b-6e001b3eef54,Cooling,74,239,4.492990|3.000000,1.9725041389465332,3.0,4.670046|3.000000,4.492990|3.000000,4.670046|3.000000,3,90058014720.000000,N/A,5
MOGP_GENERATIONAL,33abb30e-ec7b-11f0-a54b-6e001b3eef54,Cooling,74,240,4.492990|3.000000,2.0625009536743164,3.0,4.670046|3.000000,4.492990|3.000000,4.670046|3.000000,3,114230558720.000000,N/A,5
MOGP_GENERATIONAL,33abb30e-ec7b-11f0-a54b-6e001b3eef54,Cooling,74,241,4.492990|3.000000,1.9368360042572021,3.0,4.670046|3.000000,4.492990|3.000000,4.670046|3.000000,3,97697366016.000000,N/A,5
MOGP_GENERATIONAL,33abb30e-ec7b-11f0-a54b-6e001b3eef54,Cooling,74,242,4.492990|3.000000,2.035810947418213,3.0,4.670046|3.000000,4.492990|3.000000,4.670046|3.000000,3,135551172608.000000,N/A,5
MOGP_GENERATIONAL,33abb30e-ec7b-11f0-a54b-6e001b3eef54,Cooling,74,243,4.492990|3.000000,2.0520377159118652,3.0,4.670046|3.000000,4.492990|3.000000,4.670046|3.000000,3,94684127232.000000,N/A,5
MOGP_GENERATIONAL,33abb30e-ec7b-11f0-a54b-6e001b3eef54,Cooling,74,244,4.492990|3.000000,2.050119161605835,3.0,4.670046|3.000000,4.492990|3.000000,4.670046|3.000000,3,99498762240.000000,N/A,5
MOGP_GENERATIONAL,33abb30e-ec7b-11f0-a54b-6e001b3eef54,Cooling,74,245,4.492990|3.000000,2.006856918334961,3.0,4.670046|3.000000,4.492990|3.000000,4.670046|3.000000,3,105457115136.000000,N/A,5
MOGP_GENERATIONAL,33abb30e-ec7b-11f0-a54b-6e001b3eef54,Cooling,74,246,4.492990|3.000000,1.983253002166748,3.0,4.670046|3.000000,4.492990|3.000000,4.670046|3.000000,3,95650619392.000000,N/A,5
MOGP_GENERATIONAL,33abb30e-ec7b-11f0-a54b-6e001b3eef54,Cooling,74,247,4.492990|3.000000,1.9415168762207031,3.0,4.670046|3.000000,4.492990|3.000000,4.670046|3.000000,3,99498754048.000000,N/A,5
MOGP_GENERATIONAL,33abb30e-ec7b-11f0-a54b-6e001b3eef54,Cooling,74,248,4.492990|3.000000,1.9222419261932373,3.0,4.670046|3.000000,4.492990|3.000000,4.670046|3.000000,3,70533365760.000000,N/A,5
MOGP_GENERATIONAL,33abb30e-ec7b-11f0-a54b-6e001b3eef54,Cooling,74,249,4.492990|3.000000,1.9732880592346191,3.0,4.670046|3.000000,4.492990|3.000000,4.670046|3.000000,3,148891.093750,N/A,5
MOGP_GENERATIONAL,33abb30e-ec7b-11f0-a54b-6e001b3eef54,Cooling,74,250,4.492990|3.000000,1.8476130962371826,3.0,4.670046|3.000000,4.492990|3.000000,4.670046|3.000000,3,87434174464.000000,N/A,5
